VBias	C	G	Freq
-2	3.06195E-11	0.000137758	1000000
-1.975	3.06184E-11	0.000137538	1000000
-1.95	3.18056E-11	0.000139109	1000000
-1.925	3.2438E-11	0.00013931	1000000
-1.9	3.28944E-11	0.000139979	1000000
-1.875	3.25543E-11	0.000139011	1000000
-1.85	3.23022E-11	0.000138503	1000000
-1.825	3.26678E-11	0.000139133	1000000
-1.8	3.25201E-11	0.000138653	1000000
-1.775	3.22505E-11	0.000138024	1000000
-1.75	3.20096E-11	0.000137437	1000000
-1.725	3.26695E-11	0.000138823	1000000
-1.7	3.19843E-11	0.000136968	1000000
-1.675	3.28408E-11	0.000138711	1000000
-1.65	3.21724E-11	0.000137358	1000000
-1.625	3.28319E-11	0.00013817	1000000
-1.6	3.24594E-11	0.00013772	1000000
-1.575	3.21086E-11	0.00013663	1000000
-1.55	3.27413E-11	0.000137913	1000000
-1.525	3.24738E-11	0.000137038	1000000
-1.5	3.22382E-11	0.000136674	1000000
-1.475	3.22301E-11	0.00013659	1000000
-1.45	3.20114E-11	0.000135989	1000000
-1.425	3.24547E-11	0.000136907	1000000
-1.4	3.17648E-11	0.000135139	1000000
-1.375	3.25696E-11	0.000136852	1000000
-1.35	3.19942E-11	0.000135575	1000000
-1.325	3.22893E-11	0.000135754	1000000
-1.3	3.2033E-11	0.000135285	1000000
-1.275	3.16288E-11	0.000134432	1000000
-1.25	3.21646E-11	0.000135474	1000000
-1.225	3.14507E-11	0.000133803	1000000
-1.2	3.23241E-11	0.000135459	1000000
-1.175	3.16442E-11	0.00013398	1000000
-1.15	3.22292E-11	0.000135059	1000000
-1.125	3.18187E-11	0.000134049	1000000
-1.1	3.16962E-11	0.000133683	1000000
-1.075	3.16697E-11	0.000133468	1000000
-1.05	3.1301E-11	0.000132405	1000000
-1.025	3.15352E-11	0.000133044	1000000
-1	3.14877E-11	0.000132556	1000000
-0.975	3.11874E-11	0.000131734	1000000
-0.95	3.15785E-11	0.000132274	1000000
-0.925	3.08383E-11	0.00013066	1000000
-0.9	3.11996E-11	0.000131261	1000000
-0.875	3.0988E-11	0.000130331	1000000
-0.85	3.13573E-11	0.000131271	1000000
-0.825	3.1235E-11	0.000130565	1000000
-0.8	3.06053E-11	0.000129233	1000000
-0.775	3.09321E-11	0.000129583	1000000
-0.75	3.01709E-11	0.00012774	1000000
-0.725	3.10168E-11	0.00012926	1000000
-0.7	3.02009E-11	0.000127293	1000000
-0.675	3.07651E-11	0.000128371	1000000
-0.65	3.02251E-11	0.00012656	1000000
-0.625	3.00403E-11	0.000126165	1000000
-0.6	2.98871E-11	0.000125423	1000000
-0.575	2.92792E-11	0.000123861	1000000
-0.55	2.97431E-11	0.000124479	1000000
-0.525	2.86944E-11	0.000121705	1000000
-0.5	2.91585E-11	0.000122455	1000000
-0.475	2.90852E-11	0.000121737	1000000
-0.45	2.79092E-11	0.00011891	1000000
-0.425	2.81644E-11	0.000119033	1000000
-0.4	2.75655E-11	0.00011726	1000000
-0.375	2.80191E-11	0.00011788	1000000
-0.35	2.7431E-11	0.000115834	1000000
-0.325	2.62401E-11	0.000112748	1000000
-0.3	2.62983E-11	0.000112292	1000000
-0.275	2.50551E-11	0.000108621	1000000
-0.25	2.55718E-11	0.000109479	1000000
-0.225	2.34621E-11	0.000103392	1000000
-0.2	2.31067E-11	0.000102068	1000000
-0.175	2.25008E-11	9.99984E-05	1000000
-0.15	2.12984E-11	9.58863E-05	1000000
-0.125	2.12999E-11	9.60364E-05	1000000
-0.1	1.78088E-11	8.40594E-05	1000000
-0.075	1.9151E-11	8.99783E-05	1000000
-0.05	1.53169E-11	7.49606E-05	1000000
-0.025	1.68721E-11	8.37031E-05	1000000
0	1.43637E-11	7.32322E-05	1000000
0.025	1.59267E-11	8.35569E-05	1000000
0.05	1.43632E-11	7.56231E-05	1000000
0.075	1.25153E-11	6.48841E-05	1000000
0.1	1.3732E-11	7.04947E-05	1000000
0.125	1.29516E-11	6.46397E-05	1000000
0.15	1.33735E-11	6.42721E-05	1000000
0.175	1.33973E-11	6.05112E-05	1000000
0.2	1.43839E-11	6.12722E-05	1000000
0.225	1.35483E-11	5.3158E-05	1000000
0.25	1.52232E-11	5.50183E-05	1000000
0.275	1.56527E-11	5.20171E-05	1000000
0.3	1.6408E-11	4.99315E-05	1000000
0.325	1.70723E-11	4.77642E-05	1000000
0.35	1.76128E-11	4.52909E-05	1000000
0.375	1.90903E-11	4.52489E-05	1000000
0.4	1.953E-11	4.31465E-05	1000000
0.425	2.05998E-11	4.20978E-05	1000000
0.45	2.11834E-11	4.02586E-05	1000000
0.475	2.18553E-11	3.85521E-05	1000000
0.5	2.29241E-11	3.754E-05	1000000
0.525	2.3419E-11	3.62877E-05	1000000
0.55	2.44243E-11	3.52672E-05	1000000
0.575	2.48996E-11	3.42839E-05	1000000
0.6	2.56116E-11	3.29497E-05	1000000
0.625	2.63194E-11	3.24573E-05	1000000
0.65	2.69234E-11	3.15812E-05	1000000
0.675	2.76304E-11	3.115E-05	1000000
0.7	2.81077E-11	3.05565E-05	1000000
0.725	2.88015E-11	3.01666E-05	1000000
0.75	2.93517E-11	3.00803E-05	1000000
0.775	2.98924E-11	2.93224E-05	1000000
0.8	3.04434E-11	2.93426E-05	1000000
0.825	3.08971E-11	2.90565E-05	1000000
0.85	3.1553E-11	2.91218E-05	1000000
0.875	3.20163E-11	2.91782E-05	1000000
0.9	3.26214E-11	2.9047E-05	1000000
0.925	3.29683E-11	2.92152E-05	1000000
0.95	3.35466E-11	2.92471E-05	1000000
0.975	3.39327E-11	2.92929E-05	1000000
1	3.43882E-11	2.93708E-05	1000000
1.025	3.49193E-11	2.97228E-05	1000000
1.05	3.52614E-11	2.99381E-05	1000000
1.075	3.56366E-11	2.98282E-05	1000000
1.1	3.60759E-11	3.0208E-05	1000000
1.125	3.64599E-11	3.04235E-05	1000000
1.15	3.69216E-11	3.07985E-05	1000000
1.175	3.71723E-11	3.09731E-05	1000000
1.2	3.76295E-11	3.11593E-05	1000000
1.225	3.78963E-11	3.14784E-05	1000000
1.25	3.83018E-11	3.16996E-05	1000000
1.275	3.8571E-11	3.20386E-05	1000000
1.3	3.88843E-11	3.2213E-05	1000000
1.325	3.93069E-11	3.26117E-05	1000000
1.35	3.9545E-11	3.2689E-05	1000000
1.375	3.99364E-11	3.30556E-05	1000000
1.4	4.01233E-11	3.32776E-05	1000000
1.425	4.05261E-11	3.34679E-05	1000000
1.45	4.07469E-11	3.36915E-05	1000000
1.475	4.10337E-11	3.40066E-05	1000000
1.5	4.13105E-11	3.43114E-05	1000000
1.525	4.14697E-11	3.44193E-05	1000000
1.55	4.1874E-11	3.47818E-05	1000000
1.575	4.20561E-11	3.50383E-05	1000000
1.6	4.2205E-11	3.49265E-05	1000000
1.625	4.25642E-11	3.56417E-05	1000000
1.65	4.2689E-11	3.55358E-05	1000000
1.675	4.30325E-11	3.60595E-05	1000000
1.7	4.31286E-11	3.61222E-05	1000000
1.725	4.3403E-11	3.61246E-05	1000000
1.75	4.35412E-11	3.64203E-05	1000000
1.775	4.36918E-11	3.65102E-05	1000000
1.8	4.40007E-11	3.70525E-05	1000000
1.825	4.41045E-11	3.69314E-05	1000000
1.85	4.43857E-11	3.74754E-05	1000000
1.875	4.44318E-11	3.73283E-05	1000000
1.9	4.46821E-11	3.75443E-05	1000000
1.925	4.47823E-11	3.77437E-05	1000000
1.95	4.49207E-11	3.75038E-05	1000000
1.975	4.50707E-11	3.81908E-05	1000000
2	4.51412E-11	3.79976E-05	1000000
2.025	4.54055E-11	3.8318E-05	1000000
2.05	4.54279E-11	3.82375E-05	1000000
2.075	4.56979E-11	3.86308E-05	1000000
2.1	4.57178E-11	3.85961E-05	1000000
2.125	4.57699E-11	3.86215E-05	1000000
2.15	4.60347E-11	3.91451E-05	1000000
2.175	4.60716E-11	3.89584E-05	1000000
2.2	4.62306E-11	3.90687E-05	1000000
2.225	4.62714E-11	3.92258E-05	1000000
2.25	4.63401E-11	3.88447E-05	1000000
2.275	4.64928E-11	3.94329E-05	1000000
2.3	4.6525E-11	3.91863E-05	1000000
2.325	4.67604E-11	3.96783E-05	1000000
2.35	4.67315E-11	3.96338E-05	1000000
2.375	4.69059E-11	3.9791E-05	1000000
2.4	4.68861E-11	3.9961E-05	1000000
2.425	4.69752E-11	3.97154E-05	1000000
2.45	4.70179E-11	3.99016E-05	1000000
2.475	4.70066E-11	3.97745E-05	1000000
2.5	4.72288E-11	4.00397E-05	1000000
2.525	4.7167E-11	4.01703E-05	1000000
2.55	4.73858E-11	4.03519E-05	1000000
2.575	4.73061E-11	4.03462E-05	1000000
2.6	4.74731E-11	4.03717E-05	1000000
2.625	4.74756E-11	4.03964E-05	1000000
2.65	4.75021E-11	4.04416E-05	1000000
2.675	4.76401E-11	4.06593E-05	1000000
2.7	4.76109E-11	4.03117E-05	1000000
2.725	4.76281E-11	4.04779E-05	1000000
2.75	4.77106E-11	4.06142E-05	1000000
2.775	4.76661E-11	4.03888E-05	1000000
2.8	4.78435E-11	4.05833E-05	1000000
2.825	4.77557E-11	4.05018E-05	1000000
2.85	4.79175E-11	4.0836E-05	1000000
2.875	4.78871E-11	4.0521E-05	1000000
2.9	4.79013E-11	4.04392E-05	1000000
2.925	4.79345E-11	4.07079E-05	1000000
2.95	4.7906E-11	4.06366E-05	1000000
2.975	4.79952E-11	4.08249E-05	1000000
3	4.79009E-11	4.06942E-05	1000000
-2	5.18069E-11	1.73243E-05	200000
-1.975	5.12386E-11	1.73527E-05	200000
-1.95	5.16707E-11	1.72325E-05	200000
-1.925	5.11286E-11	1.7244E-05	200000
-1.9	5.17918E-11	1.71264E-05	200000
-1.875	5.19561E-11	1.70426E-05	200000
-1.85	5.12221E-11	1.7087E-05	200000
-1.825	5.14117E-11	1.7043E-05	200000
-1.8	5.13414E-11	1.69808E-05	200000
-1.775	5.08156E-11	1.69961E-05	200000
-1.75	5.14759E-11	1.68872E-05	200000
-1.725	5.16521E-11	1.6812E-05	200000
-1.7	5.08894E-11	1.68655E-05	200000
-1.675	5.10583E-11	1.68008E-05	200000
-1.65	5.10143E-11	1.67737E-05	200000
-1.625	5.08606E-11	1.6747E-05	200000
-1.6	5.12286E-11	1.66416E-05	200000
-1.575	5.10824E-11	1.6622E-05	200000
-1.55	5.03022E-11	1.66816E-05	200000
-1.525	5.09411E-11	1.6554E-05	200000
-1.5	5.07795E-11	1.65256E-05	200000
-1.475	5.03554E-11	1.65517E-05	200000
-1.45	5.07636E-11	1.6429E-05	200000
-1.425	4.99856E-11	1.64862E-05	200000
-1.4	5.01695E-11	1.64365E-05	200000
-1.375	5.05523E-11	1.63109E-05	200000
-1.35	5.03832E-11	1.62967E-05	200000
-1.325	4.9948E-11	1.63158E-05	200000
-1.3	5.03459E-11	1.62052E-05	200000
-1.275	4.954E-11	1.6267E-05	200000
-1.25	4.97106E-11	1.62026E-05	200000
-1.225	5.03282E-11	1.60341E-05	200000
-1.2	4.98571E-11	1.60534E-05	200000
-1.175	4.96787E-11	1.60276E-05	200000
-1.15	4.96045E-11	1.59875E-05	200000
-1.125	4.94912E-11	1.59154E-05	200000
-1.1	4.91761E-11	1.5896E-05	200000
-1.075	4.95342E-11	1.57707E-05	200000
-1.05	4.91906E-11	1.57574E-05	200000
-1.025	4.8837E-11	1.5738E-05	200000
-1	4.92061E-11	1.56114E-05	200000
-0.975	4.87525E-11	1.56035E-05	200000
-0.95	4.84675E-11	1.555E-05	200000
-0.925	4.82056E-11	1.55036E-05	200000
-0.9	4.85212E-11	1.53747E-05	200000
-0.875	4.87284E-11	1.52554E-05	200000
-0.85	4.77E-11	1.53043E-05	200000
-0.825	4.81787E-11	1.51444E-05	200000
-0.8	4.75257E-11	1.51359E-05	200000
-0.775	4.79936E-11	1.49755E-05	200000
-0.75	4.73899E-11	1.49309E-05	200000
-0.725	4.66285E-11	1.49081E-05	200000
-0.7	4.72113E-11	1.47429E-05	200000
-0.675	4.61747E-11	1.47224E-05	200000
-0.65	4.67481E-11	1.45404E-05	200000
-0.625	4.59433E-11	1.44954E-05	200000
-0.6	4.62062E-11	1.43276E-05	200000
-0.575	4.55825E-11	1.42487E-05	200000
-0.55	4.50755E-11	1.41238E-05	200000
-0.525	4.44942E-11	1.40205E-05	200000
-0.5	4.47625E-11	1.388E-05	200000
-0.475	4.41604E-11	1.37043E-05	200000
-0.45	4.41637E-11	1.35855E-05	200000
-0.425	4.37194E-11	1.34364E-05	200000
-0.4	4.25707E-11	1.33339E-05	200000
-0.375	4.30032E-11	1.31056E-05	200000
-0.35	4.12146E-11	1.29982E-05	200000
-0.325	4.11507E-11	1.2819E-05	200000
-0.3	4.01858E-11	1.26696E-05	200000
-0.275	3.90257E-11	1.24828E-05	200000
-0.25	4.01261E-11	1.23366E-05	200000
-0.225	3.79049E-11	1.21946E-05	200000
-0.2	3.87565E-11	1.20396E-05	200000
-0.175	3.6859E-11	1.19666E-05	200000
-0.15	3.65486E-11	1.18957E-05	200000
-0.125	3.52993E-11	1.18757E-05	200000
-0.1	3.41956E-11	1.19542E-05	200000
-0.075	3.35624E-11	1.2103E-05	200000
-0.05	3.3624E-11	1.23375E-05	200000
-0.025	3.34245E-11	1.27134E-05	200000
0	3.16549E-11	1.35784E-05	200000
0.025	3.17591E-11	1.4433E-05	200000
0.05	2.89423E-11	1.56283E-05	200000
0.075	3.19753E-11	1.61577E-05	200000
0.1	2.66385E-11	1.64383E-05	200000
0.125	3.15863E-11	1.67562E-05	200000
0.15	2.63199E-11	1.55682E-05	200000
0.175	3.0067E-11	1.55547E-05	200000
0.2	2.5975E-11	1.38306E-05	200000
0.225	2.84308E-11	1.33894E-05	200000
0.25	2.65759E-11	1.21488E-05	200000
0.275	2.47556E-11	1.09824E-05	200000
0.3	2.59073E-11	1.03586E-05	200000
0.325	2.49271E-11	9.54652E-06	200000
0.35	2.50861E-11	8.92806E-06	200000
0.375	2.41163E-11	8.25622E-06	200000
0.4	2.44385E-11	7.8132E-06	200000
0.425	2.44439E-11	7.36053E-06	200000
0.45	2.46897E-11	6.97729E-06	200000
0.475	2.4777E-11	6.65804E-06	200000
0.5	2.46112E-11	6.32252E-06	200000
0.525	2.48023E-11	6.04318E-06	200000
0.55	2.47119E-11	5.80838E-06	200000
0.575	2.52906E-11	5.59696E-06	200000
0.6	2.53322E-11	5.40376E-06	200000
0.625	2.57997E-11	5.22781E-06	200000
0.65	2.56942E-11	5.05228E-06	200000
0.675	2.61812E-11	4.91544E-06	200000
0.7	2.62818E-11	4.76801E-06	200000
0.725	2.67795E-11	4.6794E-06	200000
0.75	2.69265E-11	4.53276E-06	200000
0.775	2.72267E-11	4.42357E-06	200000
0.8	2.74751E-11	4.33504E-06	200000
0.825	2.79351E-11	4.23631E-06	200000
0.85	2.81708E-11	4.1376E-06	200000
0.875	2.84575E-11	4.06187E-06	200000
0.9	2.8785E-11	4.0006E-06	200000
0.925	2.90122E-11	3.91428E-06	200000
0.95	2.94736E-11	3.88389E-06	200000
0.975	2.96783E-11	3.82736E-06	200000
1	3.01343E-11	3.76637E-06	200000
1.025	3.03528E-11	3.70844E-06	200000
1.05	3.08143E-11	3.66836E-06	200000
1.075	3.10341E-11	3.62971E-06	200000
1.1	3.14577E-11	3.60249E-06	200000
1.125	3.17175E-11	3.57026E-06	200000
1.15	3.20907E-11	3.54679E-06	200000
1.175	3.23597E-11	3.51248E-06	200000
1.2	3.27855E-11	3.49757E-06	200000
1.225	3.30281E-11	3.48541E-06	200000
1.25	3.33548E-11	3.4621E-06	200000
1.275	3.37003E-11	3.43054E-06	200000
1.3	3.3965E-11	3.44157E-06	200000
1.325	3.42779E-11	3.42036E-06	200000
1.35	3.45112E-11	3.39643E-06	200000
1.375	3.49223E-11	3.42405E-06	200000
1.4	3.51569E-11	3.4147E-06	200000
1.425	3.55446E-11	3.43987E-06	200000
1.45	3.57559E-11	3.41764E-06	200000
1.475	3.61178E-11	3.41319E-06	200000
1.5	3.63372E-11	3.40951E-06	200000
1.525	3.66948E-11	3.43763E-06	200000
1.55	3.68765E-11	3.41953E-06	200000
1.575	3.71596E-11	3.42932E-06	200000
1.6	3.74073E-11	3.4187E-06	200000
1.625	3.77538E-11	3.45138E-06	200000
1.65	3.79627E-11	3.43701E-06	200000
1.675	3.81954E-11	3.43172E-06	200000
1.7	3.84364E-11	3.45798E-06	200000
1.725	3.86239E-11	3.43668E-06	200000
1.75	3.89689E-11	3.46445E-06	200000
1.775	3.90958E-11	3.45758E-06	200000
1.8	3.94445E-11	3.47514E-06	200000
1.825	3.9532E-11	3.47787E-06	200000
1.85	3.98605E-11	3.48159E-06	200000
1.875	4.0012E-11	3.46381E-06	200000
1.9	4.0311E-11	3.51879E-06	200000
1.925	4.03972E-11	3.46852E-06	200000
1.95	4.06745E-11	3.50873E-06	200000
1.975	4.08229E-11	3.50022E-06	200000
2	4.11153E-11	3.52582E-06	200000
2.025	4.12651E-11	3.52317E-06	200000
2.05	4.14302E-11	3.5311E-06	200000
2.075	4.16256E-11	3.51571E-06	200000
2.1	4.17424E-11	3.51435E-06	200000
2.125	4.19687E-11	3.52105E-06	200000
2.15	4.20522E-11	3.52333E-06	200000
2.175	4.2326E-11	3.53131E-06	200000
2.2	4.24319E-11	3.51229E-06	200000
2.225	4.26777E-11	3.54613E-06	200000
2.25	4.27291E-11	3.51798E-06	200000
2.275	4.29638E-11	3.52083E-06	200000
2.3	4.30703E-11	3.53409E-06	200000
2.325	4.3272E-11	3.54555E-06	200000
2.35	4.33113E-11	3.51775E-06	200000
2.375	4.34899E-11	3.51897E-06	200000
2.4	4.36081E-11	3.52924E-06	200000
2.425	4.38059E-11	3.5389E-06	200000
2.45	4.38888E-11	3.52474E-06	200000
2.475	4.40077E-11	3.52785E-06	200000
2.5	4.41291E-11	3.52328E-06	200000
2.525	4.41678E-11	3.50073E-06	200000
2.55	4.44123E-11	3.50634E-06	200000
2.575	4.44653E-11	3.51065E-06	200000
2.6	4.46476E-11	3.50415E-06	200000
2.625	4.46305E-11	3.49083E-06	200000
2.65	4.48234E-11	3.51221E-06	200000
2.675	4.48545E-11	3.51605E-06	200000
2.7	4.50275E-11	3.50006E-06	200000
2.725	4.50036E-11	3.4863E-06	200000
2.75	4.51372E-11	3.4989E-06	200000
2.775	4.51944E-11	3.49814E-06	200000
2.8	4.537E-11	3.49152E-06	200000
2.825	4.53945E-11	3.48023E-06	200000
2.85	4.54262E-11	3.48022E-06	200000
2.875	4.55268E-11	3.47112E-06	200000
2.9	4.5531E-11	3.48337E-06	200000
2.925	4.56064E-11	3.48936E-06	200000
2.95	4.5573E-11	3.47592E-06	200000
2.975	4.57069E-11	3.48013E-06	200000
3	4.56628E-11	3.4817E-06	200000
-2	5.61025E-11	5.75805E-06	100000
-1.975	5.6449E-11	5.60183E-06	100000
-1.95	5.61497E-11	5.63983E-06	100000
-1.925	5.60584E-11	5.65492E-06	100000
-1.9	5.58036E-11	5.69808E-06	100000
-1.875	5.6128E-11	5.55722E-06	100000
-1.85	5.55225E-11	5.70954E-06	100000
-1.825	5.55885E-11	5.64963E-06	100000
-1.8	5.59696E-11	5.54916E-06	100000
-1.775	5.57481E-11	5.59272E-06	100000
-1.75	5.53561E-11	5.61162E-06	100000
-1.725	5.51792E-11	5.64321E-06	100000
-1.7	5.58991E-11	5.3822E-06	100000
-1.675	5.51814E-11	5.58599E-06	100000
-1.65	5.5786E-11	5.35892E-06	100000
-1.625	5.53184E-11	5.49199E-06	100000
-1.6	5.5022E-11	5.53038E-06	100000
-1.575	5.51123E-11	5.42847E-06	100000
-1.55	5.50708E-11	5.45028E-06	100000
-1.525	5.48377E-11	5.50685E-06	100000
-1.5	5.51155E-11	5.37585E-06	100000
-1.475	5.47282E-11	5.42672E-06	100000
-1.45	5.45576E-11	5.44937E-06	100000
-1.425	5.48794E-11	5.32806E-06	100000
-1.4	5.49809E-11	5.26532E-06	100000
-1.375	5.42307E-11	5.38616E-06	100000
-1.35	5.44981E-11	5.30116E-06	100000
-1.325	5.44962E-11	5.28861E-06	100000
-1.3	5.40442E-11	5.31664E-06	100000
-1.275	5.44239E-11	5.22533E-06	100000
-1.25	5.40916E-11	5.27939E-06	100000
-1.225	5.4216E-11	5.15786E-06	100000
-1.2	5.34528E-11	5.34056E-06	100000
-1.175	5.39514E-11	5.15421E-06	100000
-1.15	5.31971E-11	5.2939E-06	100000
-1.125	5.33417E-11	5.19994E-06	100000
-1.1	5.38551E-11	5.05116E-06	100000
-1.075	5.30773E-11	5.17024E-06	100000
-1.05	5.36234E-11	5.02911E-06	100000
-1.025	5.30337E-11	5.08979E-06	100000
-1	5.29889E-11	5.06966E-06	100000
-0.975	5.23512E-11	5.16532E-06	100000
-0.95	5.279E-11	4.96703E-06	100000
-0.925	5.28942E-11	4.93024E-06	100000
-0.9	5.20852E-11	5.05939E-06	100000
-0.875	5.23475E-11	4.89148E-06	100000
-0.85	5.19186E-11	4.97077E-06	100000
-0.825	5.18844E-11	4.87436E-06	100000
-0.8	5.12642E-11	4.93438E-06	100000
-0.775	5.12876E-11	4.86901E-06	100000
-0.75	5.1085E-11	4.82169E-06	100000
-0.725	5.10029E-11	4.8042E-06	100000
-0.7	5.08705E-11	4.70875E-06	100000
-0.675	5.02779E-11	4.76361E-06	100000
-0.65	4.98468E-11	4.72013E-06	100000
-0.625	4.97655E-11	4.65604E-06	100000
-0.6	4.94444E-11	4.65066E-06	100000
-0.575	4.86304E-11	4.67416E-06	100000
-0.55	4.8996E-11	4.509E-06	100000
-0.525	4.8394E-11	4.53395E-06	100000
-0.5	4.85244E-11	4.38014E-06	100000
-0.475	4.71889E-11	4.50245E-06	100000
-0.45	4.74876E-11	4.32855E-06	100000
-0.425	4.63718E-11	4.38089E-06	100000
-0.4	4.68139E-11	4.23209E-06	100000
-0.375	4.51217E-11	4.27309E-06	100000
-0.35	4.5013E-11	4.21904E-06	100000
-0.325	4.41052E-11	4.14907E-06	100000
-0.3	4.45647E-11	4.07468E-06	100000
-0.275	4.35038E-11	4.04528E-06	100000
-0.25	4.23194E-11	4.00613E-06	100000
-0.225	4.18403E-11	4.01448E-06	100000
-0.2	3.99455E-11	3.97905E-06	100000
-0.175	4.05638E-11	3.95612E-06	100000
-0.15	3.8021E-11	3.99927E-06	100000
-0.125	3.98983E-11	3.88678E-06	100000
-0.1	3.80387E-11	4.01881E-06	100000
-0.075	3.55544E-11	4.17212E-06	100000
-0.05	3.77217E-11	4.15263E-06	100000
-0.025	3.64162E-11	4.38326E-06	100000
0	3.65673E-11	4.5669E-06	100000
0.025	3.4836E-11	5.20365E-06	100000
0.05	3.76732E-11	5.15201E-06	100000
0.075	3.40717E-11	6.1246E-06	100000
0.1	3.86368E-11	5.87164E-06	100000
0.125	3.41034E-11	6.43818E-06	100000
0.15	3.80361E-11	6.19144E-06	100000
0.175	3.35331E-11	6.14594E-06	100000
0.2	3.57577E-11	5.8731E-06	100000
0.225	3.29424E-11	5.49016E-06	100000
0.25	3.15129E-11	5.05438E-06	100000
0.275	2.98737E-11	4.69793E-06	100000
0.3	2.85717E-11	4.2777E-06	100000
0.325	2.95232E-11	4.0695E-06	100000
0.35	2.8583E-11	3.77134E-06	100000
0.375	2.86439E-11	3.55794E-06	100000
0.4	2.77172E-11	3.39036E-06	100000
0.425	2.78908E-11	3.17448E-06	100000
0.45	2.75908E-11	3.08068E-06	100000
0.475	2.71192E-11	2.91502E-06	100000
0.5	2.70122E-11	2.81469E-06	100000
0.525	2.66327E-11	2.7392E-06	100000
0.55	2.71817E-11	2.61667E-06	100000
0.575	2.66846E-11	2.59115E-06	100000
0.6	2.74132E-11	2.47928E-06	100000
0.625	2.69894E-11	2.46044E-06	100000
0.65	2.75587E-11	2.38963E-06	100000
0.675	2.73932E-11	2.34134E-06	100000
0.7	2.79206E-11	2.32057E-06	100000
0.725	2.7754E-11	2.23592E-06	100000
0.75	2.81113E-11	2.25114E-06	100000
0.775	2.83063E-11	2.17113E-06	100000
0.8	2.86616E-11	2.16238E-06	100000
0.825	2.8882E-11	2.13006E-06	100000
0.85	2.90136E-11	2.08291E-06	100000
0.875	2.93628E-11	2.08027E-06	100000
0.9	2.94528E-11	2.00985E-06	100000
0.925	2.98817E-11	2.0396E-06	100000
0.95	3.01266E-11	1.969E-06	100000
0.975	3.03145E-11	1.96952E-06	100000
1	3.06736E-11	1.93995E-06	100000
1.025	3.07861E-11	1.90014E-06	100000
1.05	3.12572E-11	1.92137E-06	100000
1.075	3.14592E-11	1.84729E-06	100000
1.1	3.17959E-11	1.88659E-06	100000
1.125	3.20006E-11	1.82227E-06	100000
1.15	3.23386E-11	1.8362E-06	100000
1.175	3.26292E-11	1.80272E-06	100000
1.2	3.29082E-11	1.78458E-06	100000
1.225	3.31626E-11	1.79788E-06	100000
1.25	3.35143E-11	1.74404E-06	100000
1.275	3.37279E-11	1.77827E-06	100000
1.3	3.41199E-11	1.72197E-06	100000
1.325	3.43011E-11	1.74835E-06	100000
1.35	3.46525E-11	1.71829E-06	100000
1.375	3.48245E-11	1.70744E-06	100000
1.4	3.51696E-11	1.71312E-06	100000
1.425	3.54997E-11	1.67703E-06	100000
1.45	3.57043E-11	1.71256E-06	100000
1.475	3.60251E-11	1.65599E-06	100000
1.5	3.62395E-11	1.70239E-06	100000
1.525	3.66401E-11	1.66673E-06	100000
1.55	3.68097E-11	1.67303E-06	100000
1.575	3.7116E-11	1.66621E-06	100000
1.6	3.72981E-11	1.64221E-06	100000
1.625	3.75355E-11	1.67068E-06	100000
1.65	3.78804E-11	1.6239E-06	100000
1.675	3.79816E-11	1.66849E-06	100000
1.7	3.8438E-11	1.63849E-06	100000
1.725	3.84849E-11	1.63013E-06	100000
1.75	3.89302E-11	1.66496E-06	100000
1.775	3.89988E-11	1.60196E-06	100000
1.8	3.93371E-11	1.67174E-06	100000
1.825	3.94718E-11	1.60097E-06	100000
1.85	3.96844E-11	1.63912E-06	100000
1.875	3.99532E-11	1.62459E-06	100000
1.9	4.02048E-11	1.6176E-06	100000
1.925	4.0396E-11	1.64831E-06	100000
1.95	4.05427E-11	1.58609E-06	100000
1.975	4.08283E-11	1.65094E-06	100000
2	4.10181E-11	1.60306E-06	100000
2.025	4.12084E-11	1.61443E-06	100000
2.05	4.143E-11	1.62643E-06	100000
2.075	4.15441E-11	1.58485E-06	100000
2.1	4.1739E-11	1.63383E-06	100000
2.125	4.18762E-11	1.57018E-06	100000
2.15	4.21201E-11	1.61259E-06	100000
2.175	4.23327E-11	1.60045E-06	100000
2.2	4.24991E-11	1.58439E-06	100000
2.225	4.25746E-11	1.61055E-06	100000
2.25	4.28535E-11	1.56746E-06	100000
2.275	4.29087E-11	1.60102E-06	100000
2.3	4.32501E-11	1.57576E-06	100000
2.325	4.3191E-11	1.57364E-06	100000
2.35	4.3486E-11	1.59174E-06	100000
2.375	4.35595E-11	1.54334E-06	100000
2.4	4.38208E-11	1.60302E-06	100000
2.425	4.39365E-11	1.54479E-06	100000
2.45	4.39267E-11	1.56904E-06	100000
2.475	4.42678E-11	1.55243E-06	100000
2.5	4.4259E-11	1.54E-06	100000
2.525	4.4547E-11	1.5369E-06	100000
2.55	4.45164E-11	1.54665E-06	100000
2.575	4.47671E-11	1.55626E-06	100000
2.6	4.48286E-11	1.5118E-06	100000
2.625	4.50572E-11	1.56653E-06	100000
2.65	4.51417E-11	1.50834E-06	100000
2.675	4.52033E-11	1.54971E-06	100000
2.7	4.53758E-11	1.50376E-06	100000
2.725	4.53465E-11	1.52872E-06	100000
2.75	4.56456E-11	1.51766E-06	100000
2.775	4.55385E-11	1.49475E-06	100000
2.8	4.58419E-11	1.53757E-06	100000
2.825	4.57918E-11	1.47306E-06	100000
2.85	4.59974E-11	1.53588E-06	100000
2.875	4.60335E-11	1.47892E-06	100000
2.9	4.61286E-11	1.52431E-06	100000
2.925	4.62119E-11	1.49465E-06	100000
2.95	4.61924E-11	1.4932E-06	100000
2.975	4.63687E-11	1.51438E-06	100000
3	4.62678E-11	1.49332E-06	100000
-2	5.8135E-11	2.39665E-06	60000
-1.975	5.79015E-11	2.404E-06	60000
-1.95	5.79744E-11	2.37446E-06	60000
-1.925	5.75412E-11	2.43691E-06	60000
-1.9	5.79776E-11	2.31961E-06	60000
-1.875	5.80391E-11	2.27396E-06	60000
-1.85	5.75211E-11	2.37849E-06	60000
-1.825	5.7838E-11	2.285E-06	60000
-1.8	5.75611E-11	2.32839E-06	60000
-1.775	5.74553E-11	2.33084E-06	60000
-1.75	5.70648E-11	2.38486E-06	60000
-1.725	5.74886E-11	2.27643E-06	60000
-1.7	5.7104E-11	2.33654E-06	60000
-1.675	5.70579E-11	2.30091E-06	60000
-1.65	5.71172E-11	2.28762E-06	60000
-1.625	5.70345E-11	2.25836E-06	60000
-1.6	5.71027E-11	2.24238E-06	60000
-1.575	5.70388E-11	2.23185E-06	60000
-1.55	5.66334E-11	2.29642E-06	60000
-1.525	5.65611E-11	2.29251E-06	60000
-1.5	5.69177E-11	2.17955E-06	60000
-1.475	5.64233E-11	2.27143E-06	60000
-1.45	5.67334E-11	2.16835E-06	60000
-1.425	5.6405E-11	2.23686E-06	60000
-1.4	5.62701E-11	2.22623E-06	60000
-1.375	5.60348E-11	2.25607E-06	60000
-1.35	5.62576E-11	2.17616E-06	60000
-1.325	5.59642E-11	2.20996E-06	60000
-1.3	5.61814E-11	2.15192E-06	60000
-1.275	5.55662E-11	2.24932E-06	60000
-1.25	5.56855E-11	2.18973E-06	60000
-1.225	5.57559E-11	2.14535E-06	60000
-1.2	5.52472E-11	2.21932E-06	60000
-1.175	5.54503E-11	2.15654E-06	60000
-1.15	5.51144E-11	2.19156E-06	60000
-1.125	5.53078E-11	2.12382E-06	60000
-1.1	5.46561E-11	2.21318E-06	60000
-1.075	5.5078E-11	2.09392E-06	60000
-1.05	5.45809E-11	2.16812E-06	60000
-1.025	5.48969E-11	2.05289E-06	60000
-1	5.43996E-11	2.12854E-06	60000
-0.975	5.44838E-11	2.04899E-06	60000
-0.95	5.39608E-11	2.13014E-06	60000
-0.925	5.39431E-11	2.08406E-06	60000
-0.9	5.37555E-11	2.09594E-06	60000
-0.875	5.38261E-11	2.02587E-06	60000
-0.85	5.36013E-11	2.02389E-06	60000
-0.825	5.32009E-11	2.0439E-06	60000
-0.8	5.30398E-11	2.03321E-06	60000
-0.775	5.24493E-11	2.08434E-06	60000
-0.75	5.2912E-11	1.95442E-06	60000
-0.725	5.23687E-11	2.00157E-06	60000
-0.7	5.18474E-11	2.00654E-06	60000
-0.675	5.18547E-11	1.9832E-06	60000
-0.65	5.1068E-11	2.00915E-06	60000
-0.625	5.14055E-11	1.91782E-06	60000
-0.6	5.12722E-11	1.87408E-06	60000
-0.575	5.03292E-11	1.94735E-06	60000
-0.55	5.0444E-11	1.85057E-06	60000
-0.525	4.98327E-11	1.88258E-06	60000
-0.5	4.93628E-11	1.8591E-06	60000
-0.475	4.87156E-11	1.87598E-06	60000
-0.45	4.82857E-11	1.85583E-06	60000
-0.425	4.80629E-11	1.81778E-06	60000
-0.4	4.75656E-11	1.80212E-06	60000
-0.375	4.73217E-11	1.76809E-06	60000
-0.35	4.62738E-11	1.77823E-06	60000
-0.325	4.58979E-11	1.7552E-06	60000
-0.3	4.43347E-11	1.77558E-06	60000
-0.275	4.49259E-11	1.7058E-06	60000
-0.25	4.34589E-11	1.72809E-06	60000
-0.225	4.20059E-11	1.75598E-06	60000
-0.2	4.27853E-11	1.68704E-06	60000
-0.175	4.1537E-11	1.7092E-06	60000
-0.15	4.16189E-11	1.6819E-06	60000
-0.125	3.89896E-11	1.78707E-06	60000
-0.1	4.01398E-11	1.73522E-06	60000
-0.075	3.83807E-11	1.83262E-06	60000
-0.05	3.9511E-11	1.81509E-06	60000
-0.025	3.66875E-11	2.04487E-06	60000
0	3.91281E-11	2.00243E-06	60000
0.025	3.77257E-11	2.24803E-06	60000
0.05	4.05701E-11	2.184E-06	60000
0.075	3.92027E-11	2.52993E-06	60000
0.1	4.05156E-11	2.61317E-06	60000
0.125	3.97708E-11	2.82522E-06	60000
0.15	3.8906E-11	2.89355E-06	60000
0.175	3.82247E-11	2.8955E-06	60000
0.2	3.47074E-11	2.85553E-06	60000
0.225	3.74397E-11	2.67189E-06	60000
0.25	3.27076E-11	2.52948E-06	60000
0.275	3.57067E-11	2.36961E-06	60000
0.3	3.32047E-11	2.21697E-06	60000
0.325	3.18267E-11	2.08394E-06	60000
0.35	3.12469E-11	1.97394E-06	60000
0.375	2.97778E-11	1.86796E-06	60000
0.4	3.01361E-11	1.78391E-06	60000
0.425	2.85577E-11	1.70796E-06	60000
0.45	2.9564E-11	1.64679E-06	60000
0.475	2.8548E-11	1.59627E-06	60000
0.5	2.93068E-11	1.55365E-06	60000
0.525	2.83641E-11	1.51603E-06	60000
0.55	2.87794E-11	1.47674E-06	60000
0.575	2.84577E-11	1.45022E-06	60000
0.6	2.88599E-11	1.42629E-06	60000
0.625	2.84508E-11	1.4032E-06	60000
0.65	2.86816E-11	1.38321E-06	60000
0.675	2.8741E-11	1.36491E-06	60000
0.7	2.91293E-11	1.3452E-06	60000
0.725	2.91731E-11	1.33047E-06	60000
0.75	2.92504E-11	1.31931E-06	60000
0.775	2.9525E-11	1.30377E-06	60000
0.8	2.96105E-11	1.28889E-06	60000
0.825	2.98101E-11	1.2783E-06	60000
0.85	3.00347E-11	1.26689E-06	60000
0.875	3.02066E-11	1.25769E-06	60000
0.9	3.0463E-11	1.24175E-06	60000
0.925	3.07011E-11	1.23543E-06	60000
0.95	3.0962E-11	1.22272E-06	60000
0.975	3.11214E-11	1.21127E-06	60000
1	3.13791E-11	1.2004E-06	60000
1.025	3.15766E-11	1.19043E-06	60000
1.05	3.19145E-11	1.17852E-06	60000
1.075	3.20349E-11	1.17491E-06	60000
1.1	3.24586E-11	1.1577E-06	60000
1.125	3.25708E-11	1.15171E-06	60000
1.15	3.29961E-11	1.14044E-06	60000
1.175	3.31293E-11	1.13888E-06	60000
1.2	3.34915E-11	1.1206E-06	60000
1.225	3.36885E-11	1.12006E-06	60000
1.25	3.39275E-11	1.10787E-06	60000
1.275	3.42133E-11	1.1004E-06	60000
1.3	3.4388E-11	1.09122E-06	60000
1.325	3.47569E-11	1.08487E-06	60000
1.35	3.49452E-11	1.07574E-06	60000
1.375	3.52588E-11	1.06711E-06	60000
1.4	3.55162E-11	1.06342E-06	60000
1.425	3.58105E-11	1.05863E-06	60000
1.45	3.60957E-11	1.0533E-06	60000
1.475	3.63058E-11	1.04506E-06	60000
1.5	3.6551E-11	1.04259E-06	60000
1.525	3.67311E-11	1.03544E-06	60000
1.55	3.7109E-11	1.02887E-06	60000
1.575	3.73095E-11	1.02152E-06	60000
1.6	3.76277E-11	1.02467E-06	60000
1.625	3.77454E-11	1.01599E-06	60000
1.65	3.80944E-11	1.01773E-06	60000
1.675	3.82396E-11	1.00098E-06	60000
1.7	3.85952E-11	1.00613E-06	60000
1.725	3.87223E-11	9.9457E-07	60000
1.75	3.90185E-11	9.95795E-07	60000
1.775	3.92026E-11	9.89684E-07	60000
1.8	3.94086E-11	9.86864E-07	60000
1.825	3.97663E-11	9.90816E-07	60000
1.85	3.98612E-11	9.8017E-07	60000
1.875	4.01929E-11	9.78606E-07	60000
1.9	4.03245E-11	9.79587E-07	60000
1.925	4.06122E-11	9.76629E-07	60000
1.95	4.07477E-11	9.6795E-07	60000
1.975	4.0963E-11	9.64474E-07	60000
2	4.11363E-11	9.59854E-07	60000
2.025	4.12977E-11	9.52694E-07	60000
2.05	4.16059E-11	9.56958E-07	60000
2.075	4.17526E-11	9.54029E-07	60000
2.1	4.19473E-11	9.50994E-07	60000
2.125	4.2042E-11	9.43685E-07	60000
2.15	4.23457E-11	9.49636E-07	60000
2.175	4.24098E-11	9.37941E-07	60000
2.2	4.27219E-11	9.41671E-07	60000
2.225	4.27674E-11	9.28593E-07	60000
2.25	4.30843E-11	9.37611E-07	60000
2.275	4.31418E-11	9.27826E-07	60000
2.3	4.34428E-11	9.28154E-07	60000
2.325	4.35276E-11	9.25179E-07	60000
2.35	4.36857E-11	9.15685E-07	60000
2.375	4.38032E-11	9.15068E-07	60000
2.4	4.39566E-11	9.1114E-07	60000
2.425	4.41642E-11	9.12398E-07	60000
2.45	4.4318E-11	9.08761E-07	60000
2.475	4.4499E-11	9.06006E-07	60000
2.5	4.45836E-11	8.94255E-07	60000
2.525	4.47485E-11	8.94511E-07	60000
2.55	4.48442E-11	8.8782E-07	60000
2.575	4.50662E-11	8.92166E-07	60000
2.6	4.50993E-11	8.81479E-07	60000
2.625	4.53837E-11	8.80358E-07	60000
2.65	4.53933E-11	8.76456E-07	60000
2.675	4.5649E-11	8.79029E-07	60000
2.7	4.56652E-11	8.67698E-07	60000
2.725	4.588E-11	8.72497E-07	60000
2.75	4.5894E-11	8.61415E-07	60000
2.775	4.6042E-11	8.66804E-07	60000
2.8	4.61356E-11	8.58733E-07	60000
2.825	4.62084E-11	8.62789E-07	60000
2.85	4.6405E-11	8.57694E-07	60000
2.875	4.64932E-11	8.55953E-07	60000
2.9	4.65844E-11	8.59675E-07	60000
2.925	4.65863E-11	8.51217E-07	60000
2.95	4.67423E-11	8.56269E-07	60000
2.975	4.67103E-11	8.48449E-07	60000
3	4.68908E-11	8.54505E-07	60000
-2	5.93999E-11	7.21947E-07	30000
-1.975	5.93529E-11	7.24519E-07	30000
-1.95	5.90251E-11	7.50882E-07	30000
-1.925	5.92856E-11	6.76893E-07	30000
-1.9	5.89224E-11	7.48838E-07	30000
-1.875	5.91743E-11	6.7496E-07	30000
-1.85	5.89518E-11	7.06551E-07	30000
-1.825	5.88363E-11	7.03944E-07	30000
-1.8	5.88003E-11	7.02967E-07	30000
-1.775	5.8562E-11	7.21383E-07	30000
-1.75	5.87825E-11	6.58675E-07	30000
-1.725	5.83941E-11	7.31165E-07	30000
-1.7	5.86415E-11	6.58154E-07	30000
-1.675	5.84255E-11	6.89002E-07	30000
-1.65	5.83017E-11	6.90479E-07	30000
-1.625	5.82552E-11	6.82462E-07	30000
-1.6	5.80158E-11	7.04937E-07	30000
-1.575	5.82503E-11	6.45791E-07	30000
-1.55	5.78219E-11	7.16171E-07	30000
-1.525	5.78788E-11	6.77744E-07	30000
-1.5	5.78345E-11	6.74826E-07	30000
-1.475	5.77105E-11	6.7899E-07	30000
-1.45	5.78806E-11	6.51778E-07	30000
-1.425	5.74094E-11	6.88158E-07	30000
-1.4	5.76291E-11	6.30895E-07	30000
-1.375	5.73933E-11	6.64785E-07	30000
-1.35	5.72351E-11	6.63313E-07	30000
-1.325	5.7192E-11	6.62781E-07	30000
-1.3	5.68413E-11	6.95675E-07	30000
-1.275	5.71343E-11	6.27165E-07	30000
-1.25	5.67508E-11	6.736E-07	30000
-1.225	5.6926E-11	6.25179E-07	30000
-1.2	5.66667E-11	6.6402E-07	30000
-1.175	5.64957E-11	6.5049E-07	30000
-1.15	5.6418E-11	6.50432E-07	30000
-1.125	5.60236E-11	6.80003E-07	30000
-1.1	5.49219E-11	7.22994E-07	30000
-1.075	5.47413E-11	7.19251E-07	30000
-1.05	5.45719E-11	7.16232E-07	30000
-1.025	5.43883E-11	7.14553E-07	30000
-1	5.41856E-11	7.10515E-07	30000
-0.975	5.3997E-11	7.09881E-07	30000
-0.95	5.37741E-11	7.04485E-07	30000
-0.925	5.50812E-11	6.11782E-07	30000
-0.9	5.45502E-11	6.52602E-07	30000
-0.875	5.48448E-11	5.94809E-07	30000
-0.85	5.44558E-11	6.26728E-07	30000
-0.825	5.42024E-11	6.13659E-07	30000
-0.8	5.40418E-11	6.11404E-07	30000
-0.775	5.38287E-11	6.10441E-07	30000
-0.75	5.34112E-11	6.27962E-07	30000
-0.725	5.3459E-11	5.87176E-07	30000
-0.7	5.31848E-11	5.84659E-07	30000
-0.675	5.30379E-11	5.69317E-07	30000
-0.65	5.23472E-11	6.05487E-07	30000
-0.625	5.23607E-11	5.88307E-07	30000
-0.6	5.2208E-11	5.65168E-07	30000
-0.575	5.11173E-11	6.0685E-07	30000
-0.55	5.07116E-11	6.01808E-07	30000
-0.525	4.80617E-11	6.28995E-07	30000
-0.5	4.73333E-11	6.18809E-07	30000
-0.475	4.99652E-11	5.56886E-07	30000
-0.45	4.95179E-11	5.4644E-07	30000
-0.425	4.86783E-11	5.68531E-07	30000
-0.4	4.8512E-11	5.5174E-07	30000
-0.375	4.75975E-11	5.5739E-07	30000
-0.35	4.76796E-11	5.3818E-07	30000
-0.325	4.67145E-11	5.46774E-07	30000
-0.3	4.61301E-11	5.44061E-07	30000
-0.275	4.5645E-11	5.44278E-07	30000
-0.25	4.56326E-11	5.24933E-07	30000
-0.225	4.32872E-11	5.63234E-07	30000
-0.2	4.36489E-11	5.47554E-07	30000
-0.175	4.32338E-11	5.37386E-07	30000
-0.15	4.3171E-11	5.41508E-07	30000
-0.125	4.14069E-11	5.71393E-07	30000
-0.1	4.02934E-11	5.93432E-07	30000
-0.075	3.99515E-11	6.11173E-07	30000
-0.05	4.12204E-11	5.92586E-07	30000
-0.025	4.11335E-11	6.13718E-07	30000
0	3.80779E-11	7.29401E-07	30000
0.025	4.00822E-11	7.12991E-07	30000
0.05	4.0259E-11	7.7864E-07	30000
0.075	4.00696E-11	8.60203E-07	30000
0.1	4.04939E-11	9.11085E-07	30000
0.125	4.27493E-11	9.00818E-07	30000
0.15	4.3486E-11	9.07471E-07	30000
0.175	3.8562E-11	1.02983E-06	30000
0.2	3.76937E-11	1.01723E-06	30000
0.225	3.96593E-11	9.5611E-07	30000
0.25	3.98956E-11	9.1978E-07	30000
0.275	3.64846E-11	8.95964E-07	30000
0.3	3.44958E-11	8.62475E-07	30000
0.325	3.35293E-11	8.22618E-07	30000
0.35	3.46921E-11	7.86617E-07	30000
0.375	3.1258E-11	7.67175E-07	30000
0.4	3.20095E-11	7.38952E-07	30000
0.425	3.23047E-11	7.2086E-07	30000
0.45	3.11287E-11	7.05371E-07	30000
0.475	3.02869E-11	6.92287E-07	30000
0.5	3.00936E-11	6.7949E-07	30000
0.525	3.04921E-11	6.70652E-07	30000
0.55	3.04305E-11	6.60374E-07	30000
0.575	2.96335E-11	6.58265E-07	30000
0.6	2.96357E-11	6.52284E-07	30000
0.625	3.00827E-11	6.45298E-07	30000
0.65	3.03862E-11	6.40877E-07	30000
0.675	3.0041E-11	6.38734E-07	30000
0.7	3.04009E-11	6.34331E-07	30000
0.725	3.05041E-11	6.30164E-07	30000
0.75	3.04586E-11	6.31839E-07	30000
0.775	3.05168E-11	6.30214E-07	30000
0.8	3.08615E-11	6.27645E-07	30000
0.825	3.11781E-11	6.22916E-07	30000
0.85	3.12725E-11	6.20202E-07	30000
0.875	3.13712E-11	6.21994E-07	30000
0.9	3.15716E-11	6.18248E-07	30000
0.925	3.18843E-11	6.14193E-07	30000
0.95	3.2092E-11	6.10263E-07	30000
0.975	3.21514E-11	6.10303E-07	30000
1	3.24713E-11	6.05904E-07	30000
1.025	3.27723E-11	6.01435E-07	30000
1.05	3.28387E-11	6.01645E-07	30000
1.075	3.31019E-11	5.9737E-07	30000
1.1	3.34244E-11	5.94133E-07	30000
1.125	3.3659E-11	5.90604E-07	30000
1.15	3.38654E-11	5.86233E-07	30000
1.175	3.40167E-11	5.86386E-07	30000
1.2	3.43331E-11	5.81891E-07	30000
1.225	3.46531E-11	5.76038E-07	30000
1.25	3.48671E-11	5.71207E-07	30000
1.275	3.50285E-11	5.71456E-07	30000
1.3	3.53411E-11	5.68229E-07	30000
1.325	3.55397E-11	5.64229E-07	30000
1.35	3.57844E-11	5.58163E-07	30000
1.375	3.60121E-11	5.56234E-07	30000
1.4	3.62792E-11	5.54942E-07	30000
1.425	3.65901E-11	5.48486E-07	30000
1.45	3.67038E-11	5.48162E-07	30000
1.475	3.69739E-11	5.44759E-07	30000
1.5	3.72871E-11	5.37745E-07	30000
1.525	3.75344E-11	5.35048E-07	30000
1.55	3.7703E-11	5.33365E-07	30000
1.575	3.7888E-11	5.30397E-07	30000
1.6	3.82008E-11	5.29016E-07	30000
1.625	3.83407E-11	5.2323E-07	30000
1.65	3.85845E-11	5.20255E-07	30000
1.675	3.89237E-11	5.20032E-07	30000
1.7	3.91532E-11	5.15041E-07	30000
1.725	3.93572E-11	5.13787E-07	30000
1.75	3.95709E-11	5.09811E-07	30000
1.775	3.97756E-11	5.08287E-07	30000
1.8	4.00086E-11	5.04981E-07	30000
1.825	4.02948E-11	5.03421E-07	30000
1.85	4.03399E-11	4.99211E-07	30000
1.875	4.05775E-11	4.98308E-07	30000
1.9	4.08842E-11	4.97277E-07	30000
1.925	4.10277E-11	4.92317E-07	30000
1.95	4.12164E-11	4.91443E-07	30000
1.975	4.14325E-11	4.88288E-07	30000
2	4.16933E-11	4.86404E-07	30000
2.025	4.17438E-11	4.80382E-07	30000
2.05	4.19252E-11	4.81083E-07	30000
2.075	4.21859E-11	4.77836E-07	30000
2.1	4.24366E-11	4.77269E-07	30000
2.125	4.25569E-11	4.74323E-07	30000
2.15	4.27331E-11	4.73723E-07	30000
2.175	4.28903E-11	4.67702E-07	30000
2.2	4.30778E-11	4.66089E-07	30000
2.225	4.33309E-11	4.6729E-07	30000
2.25	4.3418E-11	4.60962E-07	30000
2.275	4.36061E-11	4.6004E-07	30000
2.3	4.37523E-11	4.58983E-07	30000
2.325	4.38934E-11	4.5552E-07	30000
2.35	4.40212E-11	4.4885E-07	30000
2.375	4.42205E-11	4.49811E-07	30000
2.4	4.44342E-11	4.46668E-07	30000
2.425	4.44174E-11	4.4215E-07	30000
2.45	4.45589E-11	4.38962E-07	30000
2.475	4.48094E-11	4.41811E-07	30000
2.5	4.49786E-11	4.35439E-07	30000
2.525	4.50822E-11	4.3595E-07	30000
2.55	4.51671E-11	4.3313E-07	30000
2.575	4.53945E-11	4.30624E-07	30000
2.6	4.55712E-11	4.3033E-07	30000
2.625	4.55184E-11	4.24519E-07	30000
2.65	4.57073E-11	4.23557E-07	30000
2.675	4.58542E-11	4.22373E-07	30000
2.7	4.59411E-11	4.20358E-07	30000
2.725	4.60336E-11	4.18045E-07	30000
2.75	4.6109E-11	4.17655E-07	30000
2.775	4.62332E-11	4.15585E-07	30000
2.8	4.63782E-11	4.16389E-07	30000
2.825	4.64702E-11	4.15765E-07	30000
2.85	4.63849E-11	4.114E-07	30000
2.875	4.663E-11	4.12894E-07	30000
2.9	4.66137E-11	4.13925E-07	30000
2.925	4.65827E-11	4.1024E-07	30000
2.95	4.66201E-11	4.11579E-07	30000
2.975	4.67516E-11	4.11626E-07	30000
3	4.67959E-11	4.13106E-07	30000
-2	5.99403E-11	3.64155E-07	20000
-1.975	5.98659E-11	3.43285E-07	20000
-1.95	5.97335E-11	3.45038E-07	20000
-1.925	5.95055E-11	3.60795E-07	20000
-1.9	5.94199E-11	3.59007E-07	20000
-1.875	5.94858E-11	3.39723E-07	20000
-1.85	5.93572E-11	3.33681E-07	20000
-1.825	5.92409E-11	3.36355E-07	20000
-1.8	5.91471E-11	3.39566E-07	20000
-1.775	5.91652E-11	3.32946E-07	20000
-1.75	5.90422E-11	3.40208E-07	20000
-1.725	5.89513E-11	3.3877E-07	20000
-1.7	5.87858E-11	3.53073E-07	20000
-1.675	5.8677E-11	3.54337E-07	20000
-1.65	5.87511E-11	3.33574E-07	20000
-1.625	5.8618E-11	3.44408E-07	20000
-1.6	5.84669E-11	3.41969E-07	20000
-1.575	5.85082E-11	3.23022E-07	20000
-1.55	5.8374E-11	3.29921E-07	20000
-1.525	5.83057E-11	3.15284E-07	20000
-1.5	5.81552E-11	3.21997E-07	20000
-1.475	5.8016E-11	3.30553E-07	20000
-1.45	5.7938E-11	3.36092E-07	20000
-1.425	5.78288E-11	3.3616E-07	20000
-1.4	5.77442E-11	3.3371E-07	20000
-1.375	5.77752E-11	3.1615E-07	20000
-1.35	5.76419E-11	3.28596E-07	20000
-1.325	5.74611E-11	3.31783E-07	20000
-1.3	5.73245E-11	3.30799E-07	20000
-1.275	5.73816E-11	3.13476E-07	20000
-1.25	5.72888E-11	3.10134E-07	20000
-1.225	5.69934E-11	3.28191E-07	20000
-1.2	5.67358E-11	3.35771E-07	20000
-1.175	5.66E-11	3.41147E-07	20000
-1.15	5.66402E-11	3.25304E-07	20000
-1.125	5.64936E-11	3.22817E-07	20000
-1.1	5.63803E-11	3.22485E-07	20000
-1.075	5.63941E-11	3.04278E-07	20000
-1.05	5.61581E-11	3.07588E-07	20000
-1.025	5.59837E-11	3.0876E-07	20000
-1	5.57576E-11	3.22197E-07	20000
-0.975	5.57913E-11	3.01186E-07	20000
-0.95	5.55569E-11	3.07568E-07	20000
-0.925	5.53533E-11	3.15085E-07	20000
-0.9	5.53036E-11	3.04107E-07	20000
-0.875	5.51314E-11	2.89409E-07	20000
-0.85	5.48429E-11	3.10883E-07	20000
-0.825	5.45742E-11	3.02276E-07	20000
-0.8	5.43618E-11	3.00631E-07	20000
-0.775	5.41391E-11	2.99077E-07	20000
-0.75	5.37136E-11	3.04305E-07	20000
-0.725	5.36017E-11	3.03707E-07	20000
-0.7	5.337E-11	2.87995E-07	20000
-0.675	5.29757E-11	3.00806E-07	20000
-0.65	5.25128E-11	3.07456E-07	20000
-0.625	5.21945E-11	3.05009E-07	20000
-0.6	5.19065E-11	3.03803E-07	20000
-0.575	5.16648E-11	2.97392E-07	20000
-0.55	5.10101E-11	3.0407E-07	20000
-0.525	5.06665E-11	2.98852E-07	20000
-0.5	5.02549E-11	2.96643E-07	20000
-0.475	4.95443E-11	3.02149E-07	20000
-0.45	4.93867E-11	2.87814E-07	20000
-0.425	4.86967E-11	2.99089E-07	20000
-0.4	4.8206E-11	2.96449E-07	20000
-0.375	4.73822E-11	2.9757E-07	20000
-0.35	4.73659E-11	2.87723E-07	20000
-0.325	4.67688E-11	2.87678E-07	20000
-0.3	4.60036E-11	2.92313E-07	20000
-0.275	4.49879E-11	3.00976E-07	20000
-0.25	4.51477E-11	2.88163E-07	20000
-0.225	4.41256E-11	3.00253E-07	20000
-0.2	4.34538E-11	3.02826E-07	20000
-0.175	4.38546E-11	2.93917E-07	20000
-0.15	4.29212E-11	3.12818E-07	20000
-0.125	4.26447E-11	3.09353E-07	20000
-0.1	4.18131E-11	3.19768E-07	20000
-0.075	4.20493E-11	3.24588E-07	20000
-0.05	4.12872E-11	3.44429E-07	20000
-0.025	4.12449E-11	3.60429E-07	20000
0	4.14418E-11	3.78364E-07	20000
0.025	4.12242E-11	4.13289E-07	20000
0.05	4.19344E-11	4.35219E-07	20000
0.075	4.29461E-11	4.50192E-07	20000
0.1	4.35974E-11	4.77483E-07	20000
0.125	4.30942E-11	5.19485E-07	20000
0.15	4.16115E-11	5.52629E-07	20000
0.175	4.14556E-11	5.56138E-07	20000
0.2	4.13643E-11	5.42679E-07	20000
0.225	4.01981E-11	5.40091E-07	20000
0.25	3.76588E-11	5.31023E-07	20000
0.275	3.64759E-11	5.15274E-07	20000
0.3	3.53692E-11	4.98062E-07	20000
0.325	3.35106E-11	4.84087E-07	20000
0.35	3.3294E-11	4.71339E-07	20000
0.375	3.26772E-11	4.60272E-07	20000
0.4	3.23168E-11	4.5093E-07	20000
0.425	3.13066E-11	4.45304E-07	20000
0.45	3.1849E-11	4.34573E-07	20000
0.475	3.13527E-11	4.31382E-07	20000
0.5	3.08985E-11	4.2746E-07	20000
0.525	3.05248E-11	4.23901E-07	20000
0.55	3.09712E-11	4.21869E-07	20000
0.575	3.09014E-11	4.18783E-07	20000
0.6	3.08781E-11	4.15177E-07	20000
0.625	3.121E-11	4.1287E-07	20000
0.65	3.11368E-11	4.13385E-07	20000
0.675	3.11152E-11	4.1198E-07	20000
0.7	3.10737E-11	4.14637E-07	20000
0.725	3.14033E-11	4.09763E-07	20000
0.75	3.14005E-11	4.09986E-07	20000
0.775	3.15333E-11	4.11696E-07	20000
0.8	3.17041E-11	4.10009E-07	20000
0.825	3.18807E-11	4.10288E-07	20000
0.85	3.1983E-11	4.08774E-07	20000
0.875	3.20935E-11	4.11041E-07	20000
0.9	3.22791E-11	4.08877E-07	20000
0.925	3.25764E-11	4.07232E-07	20000
0.95	3.2732E-11	4.06389E-07	20000
0.975	3.2904E-11	4.05533E-07	20000
1	3.30636E-11	4.05291E-07	20000
1.025	3.33372E-11	4.04059E-07	20000
1.05	3.34945E-11	4.02386E-07	20000
1.075	3.36875E-11	4.0171E-07	20000
1.1	3.39438E-11	3.99018E-07	20000
1.125	3.40126E-11	4.00427E-07	20000
1.15	3.43331E-11	3.96086E-07	20000
1.175	3.45356E-11	3.95203E-07	20000
1.2	3.47527E-11	3.93199E-07	20000
1.225	3.503E-11	3.9058E-07	20000
1.25	3.52389E-11	3.90512E-07	20000
1.275	3.54705E-11	3.87169E-07	20000
1.3	3.56544E-11	3.86743E-07	20000
1.325	3.59309E-11	3.84025E-07	20000
1.35	3.60815E-11	3.82221E-07	20000
1.375	3.63037E-11	3.80793E-07	20000
1.4	3.65249E-11	3.78109E-07	20000
1.425	3.66893E-11	3.75865E-07	20000
1.45	3.70111E-11	3.72917E-07	20000
1.475	3.72269E-11	3.71641E-07	20000
1.5	3.74391E-11	3.68454E-07	20000
1.525	3.77316E-11	3.65186E-07	20000
1.55	3.79378E-11	3.66424E-07	20000
1.575	3.80374E-11	3.63728E-07	20000
1.6	3.82745E-11	3.60441E-07	20000
1.625	3.84723E-11	3.58472E-07	20000
1.65	3.87626E-11	3.56227E-07	20000
1.675	3.89745E-11	3.54207E-07	20000
1.7	3.9174E-11	3.53279E-07	20000
1.725	3.9486E-11	3.50906E-07	20000
1.75	3.96492E-11	3.48486E-07	20000
1.775	3.98303E-11	3.46261E-07	20000
1.8	4.00252E-11	3.43396E-07	20000
1.825	4.01668E-11	3.43954E-07	20000
1.85	4.0424E-11	3.40913E-07	20000
1.875	4.05957E-11	3.39772E-07	20000
1.9	4.07626E-11	3.37847E-07	20000
1.925	4.09364E-11	3.34859E-07	20000
1.95	4.12107E-11	3.34922E-07	20000
1.975	4.14043E-11	3.3277E-07	20000
2	4.15876E-11	3.30948E-07	20000
2.025	4.18602E-11	3.28393E-07	20000
2.05	4.19155E-11	3.24994E-07	20000
2.075	4.20914E-11	3.25204E-07	20000
2.1	4.22793E-11	3.21592E-07	20000
2.125	4.24024E-11	3.21046E-07	20000
2.15	4.26445E-11	3.18969E-07	20000
2.175	4.27929E-11	3.16236E-07	20000
2.2	4.29296E-11	3.14813E-07	20000
2.225	4.30499E-11	3.12544E-07	20000
2.25	4.33075E-11	3.12367E-07	20000
2.275	4.33956E-11	3.08534E-07	20000
2.3	4.36105E-11	3.08026E-07	20000
2.325	4.37143E-11	3.03875E-07	20000
2.35	4.38807E-11	3.04314E-07	20000
2.375	4.40351E-11	3.02089E-07	20000
2.4	4.41987E-11	2.99876E-07	20000
2.425	4.42787E-11	2.9835E-07	20000
2.45	4.45012E-11	2.96043E-07	20000
2.475	4.46158E-11	2.94573E-07	20000
2.5	4.47249E-11	2.93281E-07	20000
2.525	4.49235E-11	2.93365E-07	20000
2.55	4.50106E-11	2.8979E-07	20000
2.575	4.51425E-11	2.88207E-07	20000
2.6	4.52666E-11	2.86639E-07	20000
2.625	4.53481E-11	2.83287E-07	20000
2.65	4.54863E-11	2.8324E-07	20000
2.675	4.55889E-11	2.82228E-07	20000
2.7	4.57062E-11	2.80329E-07	20000
2.725	4.57567E-11	2.79039E-07	20000
2.75	4.59097E-11	2.78831E-07	20000
2.775	4.60186E-11	2.78584E-07	20000
2.8	4.61243E-11	2.77821E-07	20000
2.825	4.61954E-11	2.76446E-07	20000
2.85	4.62069E-11	2.75733E-07	20000
2.875	4.62827E-11	2.74642E-07	20000
2.9	4.63445E-11	2.74239E-07	20000
2.925	4.63253E-11	2.74881E-07	20000
2.95	4.63936E-11	2.72804E-07	20000
2.975	4.64109E-11	2.72475E-07	20000
3	4.65361E-11	2.73724E-07	20000
-2	6.00195E-11	2.25862E-07	15000
-1.975	5.98841E-11	2.24664E-07	15000
-1.95	5.97117E-11	2.32477E-07	15000
-1.925	5.96796E-11	2.25127E-07	15000
-1.9	5.97309E-11	2.17927E-07	15000
-1.875	5.94864E-11	2.20633E-07	15000
-1.85	5.94888E-11	2.1684E-07	15000
-1.825	5.93227E-11	2.26481E-07	15000
-1.8	5.92811E-11	2.1875E-07	15000
-1.775	5.92391E-11	2.08744E-07	15000
-1.75	5.90942E-11	2.19004E-07	15000
-1.725	5.89666E-11	2.28128E-07	15000
-1.7	5.88149E-11	2.27578E-07	15000
-1.675	5.89977E-11	2.03539E-07	15000
-1.65	5.88779E-11	2.15376E-07	15000
-1.625	5.86564E-11	2.18991E-07	15000
-1.6	5.86244E-11	2.11782E-07	15000
-1.575	5.86013E-11	2.06656E-07	15000
-1.55	5.83979E-11	2.16511E-07	15000
-1.525	5.82933E-11	2.20749E-07	15000
-1.5	5.83063E-11	2.10402E-07	15000
-1.475	5.82027E-11	2.11657E-07	15000
-1.45	5.81357E-11	2.03929E-07	15000
-1.425	5.79298E-11	2.12693E-07	15000
-1.4	5.79107E-11	2.10946E-07	15000
-1.375	5.77697E-11	2.09216E-07	15000
-1.35	5.77715E-11	2.01076E-07	15000
-1.325	5.75947E-11	2.04179E-07	15000
-1.3	5.7405E-11	2.09582E-07	15000
-1.275	5.74367E-11	1.92342E-07	15000
-1.25	5.72555E-11	1.93335E-07	15000
-1.225	5.70391E-11	2.11298E-07	15000
-1.2	5.69976E-11	2.01211E-07	15000
-1.175	5.69663E-11	1.95881E-07	15000
-1.15	5.68213E-11	1.93713E-07	15000
-1.125	5.65865E-11	1.98267E-07	15000
-1.1	5.63763E-11	2.03266E-07	15000
-1.075	5.63175E-11	1.99644E-07	15000
-1.05	5.62528E-11	1.94637E-07	15000
-1.025	5.597E-11	1.98508E-07	15000
-1	5.58215E-11	1.96867E-07	15000
-0.975	5.57132E-11	1.93694E-07	15000
-0.95	5.56641E-11	1.87435E-07	15000
-0.925	5.54459E-11	1.8975E-07	15000
-0.9	5.50825E-11	2.0335E-07	15000
-0.875	5.48448E-11	1.96106E-07	15000
-0.85	5.48565E-11	1.94411E-07	15000
-0.825	5.44384E-11	1.97509E-07	15000
-0.8	5.4269E-11	1.94763E-07	15000
-0.775	5.41716E-11	1.84787E-07	15000
-0.75	5.37451E-11	1.95665E-07	15000
-0.725	5.34262E-11	1.97384E-07	15000
-0.7	5.31992E-11	1.89949E-07	15000
-0.675	5.3067E-11	1.84804E-07	15000
-0.65	5.2486E-11	1.92217E-07	15000
-0.625	5.22086E-11	1.88321E-07	15000
-0.6	5.18864E-11	1.85978E-07	15000
-0.575	5.1751E-11	1.82267E-07	15000
-0.55	5.10498E-11	1.90467E-07	15000
-0.525	5.07336E-11	1.88166E-07	15000
-0.5	5.05966E-11	1.75266E-07	15000
-0.475	4.98916E-11	1.85341E-07	15000
-0.45	4.89518E-11	1.93357E-07	15000
-0.425	4.93671E-11	1.79053E-07	15000
-0.4	4.84493E-11	1.87068E-07	15000
-0.375	4.77463E-11	1.90663E-07	15000
-0.35	4.72607E-11	1.8748E-07	15000
-0.325	4.70695E-11	1.84816E-07	15000
-0.3	4.5772E-11	1.95937E-07	15000
-0.275	4.54386E-11	1.93537E-07	15000
-0.25	4.49719E-11	1.92392E-07	15000
-0.225	4.45534E-11	1.94385E-07	15000
-0.2	4.30971E-11	2.07088E-07	15000
-0.175	3.69055E-11	2.454E-07	15000
-0.15	3.3623E-11	2.70999E-07	15000
-0.125	3.23247E-11	2.90913E-07	15000
-0.1	4.18827E-11	2.23706E-07	15000
-0.075	4.16233E-11	2.32365E-07	15000
-0.05	4.06246E-11	2.49889E-07	15000
-0.025	4.12123E-11	2.58005E-07	15000
0	4.21586E-11	2.61164E-07	15000
0.025	4.27159E-11	2.7346E-07	15000
0.05	4.18434E-11	3.16696E-07	15000
0.075	4.4253E-11	3.05575E-07	15000
0.1	4.43824E-11	3.32389E-07	15000
0.125	4.2785E-11	3.65407E-07	15000
0.15	4.32841E-11	3.63484E-07	15000
0.175	4.40183E-11	3.60559E-07	15000
0.2	4.26119E-11	3.69168E-07	15000
0.225	4.10332E-11	3.66661E-07	15000
0.25	3.83971E-11	3.64526E-07	15000
0.275	3.80852E-11	3.5132E-07	15000
0.3	3.78737E-11	3.43172E-07	15000
0.325	3.5502E-11	3.39451E-07	15000
0.35	3.47264E-11	3.3395E-07	15000
0.375	3.42523E-11	3.26698E-07	15000
0.4	3.362E-11	3.21566E-07	15000
0.425	3.36116E-11	3.17638E-07	15000
0.45	3.23784E-11	3.16217E-07	15000
0.475	3.19103E-11	3.14112E-07	15000
0.5	3.27207E-11	3.09661E-07	15000
0.525	3.16188E-11	3.08749E-07	15000
0.55	3.17488E-11	3.10219E-07	15000
0.575	3.16695E-11	3.08785E-07	15000
0.6	3.16958E-11	3.07364E-07	15000
0.625	3.17925E-11	3.07624E-07	15000
0.65	3.14934E-11	3.07986E-07	15000
0.675	3.16938E-11	3.0677E-07	15000
0.7	3.18358E-11	3.04912E-07	15000
0.725	3.18482E-11	3.06242E-07	15000
0.75	3.18317E-11	3.06172E-07	15000
0.775	3.19741E-11	3.08056E-07	15000
0.8	3.21589E-11	3.06923E-07	15000
0.825	3.23983E-11	3.07392E-07	15000
0.85	3.24476E-11	3.06967E-07	15000
0.875	3.25276E-11	3.08508E-07	15000
0.9	3.29173E-11	3.06045E-07	15000
0.925	3.29752E-11	3.07304E-07	15000
0.95	3.31557E-11	3.05441E-07	15000
0.975	3.32913E-11	3.07185E-07	15000
1	3.34894E-11	3.06303E-07	15000
1.025	3.37302E-11	3.05305E-07	15000
1.05	3.3837E-11	3.03633E-07	15000
1.075	3.40686E-11	3.01344E-07	15000
1.1	3.42718E-11	3.01622E-07	15000
1.125	3.44683E-11	3.00378E-07	15000
1.15	3.47153E-11	3.00408E-07	15000
1.175	3.48057E-11	3.00869E-07	15000
1.2	3.50468E-11	3.00439E-07	15000
1.225	3.53062E-11	2.97026E-07	15000
1.25	3.54613E-11	2.95474E-07	15000
1.275	3.55678E-11	2.95514E-07	15000
1.3	3.59365E-11	2.93855E-07	15000
1.325	3.61329E-11	2.94403E-07	15000
1.35	3.63062E-11	2.91167E-07	15000
1.375	3.64658E-11	2.90205E-07	15000
1.4	3.66824E-11	2.87634E-07	15000
1.425	3.66513E-11	2.8738E-07	15000
1.45	3.68854E-11	2.88794E-07	15000
1.475	3.7345E-11	2.84773E-07	15000
1.5	3.75951E-11	2.83002E-07	15000
1.525	3.78173E-11	2.7916E-07	15000
1.55	3.79638E-11	2.78846E-07	15000
1.575	3.81693E-11	2.75567E-07	15000
1.6	3.84024E-11	2.75369E-07	15000
1.625	3.85339E-11	2.7449E-07	15000
1.65	3.87591E-11	2.73298E-07	15000
1.675	3.90063E-11	2.70489E-07	15000
1.7	3.92038E-11	2.7054E-07	15000
1.725	3.93616E-11	2.67165E-07	15000
1.75	3.9615E-11	2.66225E-07	15000
1.775	3.98162E-11	2.66821E-07	15000
1.8	4.00105E-11	2.62478E-07	15000
1.825	4.01894E-11	2.62211E-07	15000
1.85	4.0258E-11	2.61903E-07	15000
1.875	4.05881E-11	2.59819E-07	15000
1.9	4.06863E-11	2.56241E-07	15000
1.925	4.09095E-11	2.5725E-07	15000
1.95	4.11167E-11	2.54613E-07	15000
1.975	4.12937E-11	2.53443E-07	15000
2	4.15143E-11	2.51685E-07	15000
2.025	4.16333E-11	2.51965E-07	15000
2.05	4.1834E-11	2.48653E-07	15000
2.075	4.19978E-11	2.4727E-07	15000
2.1	4.22111E-11	2.46002E-07	15000
2.125	4.22854E-11	2.43032E-07	15000
2.15	4.24793E-11	2.42678E-07	15000
2.175	4.2618E-11	2.4234E-07	15000
2.2	4.29139E-11	2.41243E-07	15000
2.225	4.29745E-11	2.37663E-07	15000
2.25	4.30403E-11	2.34947E-07	15000
2.275	4.33659E-11	2.36626E-07	15000
2.3	4.34798E-11	2.34351E-07	15000
2.325	4.35639E-11	2.3177E-07	15000
2.35	4.36915E-11	2.30888E-07	15000
2.375	4.38572E-11	2.29036E-07	15000
2.4	4.40687E-11	2.27222E-07	15000
2.425	4.41781E-11	2.25211E-07	15000
2.45	4.42783E-11	2.2417E-07	15000
2.475	4.44176E-11	2.23606E-07	15000
2.5	4.46231E-11	2.23675E-07	15000
2.525	4.46578E-11	2.2058E-07	15000
2.55	4.48114E-11	2.16181E-07	15000
2.575	4.48838E-11	2.17476E-07	15000
2.6	4.51734E-11	2.17963E-07	15000
2.625	4.52014E-11	2.16546E-07	15000
2.65	4.52052E-11	2.14387E-07	15000
2.675	4.54728E-11	2.14941E-07	15000
2.7	4.55198E-11	2.11708E-07	15000
2.725	4.56503E-11	2.14271E-07	15000
2.75	4.56561E-11	2.10584E-07	15000
2.775	4.57696E-11	2.08515E-07	15000
2.8	4.58949E-11	2.08525E-07	15000
2.825	4.59596E-11	2.10542E-07	15000
2.85	4.5947E-11	2.06761E-07	15000
2.875	4.60696E-11	2.0593E-07	15000
2.9	4.61416E-11	2.08825E-07	15000
2.925	4.61754E-11	2.08428E-07	15000
2.95	4.62077E-11	2.05726E-07	15000
2.975	4.61621E-11	2.05275E-07	15000
3	4.63036E-11	2.07003E-07	15000
-2	6.01337E-11	1.24226E-07	10000
-1.975	6.00661E-11	1.25112E-07	10000
-1.95	5.98923E-11	1.2191E-07	10000
-1.925	5.97517E-11	1.19774E-07	10000
-1.9	5.97388E-11	1.16062E-07	10000
-1.875	5.96263E-11	1.14902E-07	10000
-1.85	5.94901E-11	1.21117E-07	10000
-1.825	5.95326E-11	1.1185E-07	10000
-1.8	5.94016E-11	1.16871E-07	10000
-1.775	5.9299E-11	1.14773E-07	10000
-1.75	5.9238E-11	1.12126E-07	10000
-1.725	5.9143E-11	1.12075E-07	10000
-1.7	5.90779E-11	1.11205E-07	10000
-1.675	5.8904E-11	1.14644E-07	10000
-1.65	5.88045E-11	1.13331E-07	10000
-1.625	5.88472E-11	1.07249E-07	10000
-1.6	5.86228E-11	1.11926E-07	10000
-1.575	5.84628E-11	1.23062E-07	10000
-1.55	5.79507E-11	1.19331E-07	10000
-1.525	5.83932E-11	1.10935E-07	10000
-1.5	5.83397E-11	1.07235E-07	10000
-1.475	5.82871E-11	1.0774E-07	10000
-1.45	5.80611E-11	1.11966E-07	10000
-1.425	5.79981E-11	1.08095E-07	10000
-1.4	5.79318E-11	1.04928E-07	10000
-1.375	5.77843E-11	1.05348E-07	10000
-1.35	5.76633E-11	1.09921E-07	10000
-1.325	5.76258E-11	1.03426E-07	10000
-1.3	5.7425E-11	1.0861E-07	10000
-1.275	5.73137E-11	1.11529E-07	10000
-1.25	5.72476E-11	1.00842E-07	10000
-1.225	5.71944E-11	1.03164E-07	10000
-1.2	5.70461E-11	1.08847E-07	10000
-1.175	5.68199E-11	1.09023E-07	10000
-1.15	5.67273E-11	1.09117E-07	10000
-1.125	5.66506E-11	1.03264E-07	10000
-1.1	5.63744E-11	1.05902E-07	10000
-1.075	5.62027E-11	1.07973E-07	10000
-1.05	5.62161E-11	1.02872E-07	10000
-1.025	5.58835E-11	1.08708E-07	10000
-1	5.57915E-11	1.08803E-07	10000
-0.975	5.5576E-11	1.05537E-07	10000
-0.95	5.53367E-11	1.0665E-07	10000
-0.925	5.52037E-11	1.03977E-07	10000
-0.9	5.50144E-11	1.00586E-07	10000
-0.875	5.47297E-11	1.0601E-07	10000
-0.85	5.45062E-11	1.0296E-07	10000
-0.825	5.42693E-11	1.04093E-07	10000
-0.8	5.25551E-11	1.21351E-07	10000
-0.775	5.36787E-11	1.05217E-07	10000
-0.75	5.34437E-11	1.04268E-07	10000
-0.725	5.31679E-11	9.98231E-08	10000
-0.7	5.28743E-11	1.04071E-07	10000
-0.675	5.27275E-11	9.9551E-08	10000
-0.65	5.23579E-11	9.69105E-08	10000
-0.625	5.20689E-11	1.00445E-07	10000
-0.6	5.15433E-11	1.02482E-07	10000
-0.575	5.11169E-11	1.01767E-07	10000
-0.55	5.08259E-11	1.04276E-07	10000
-0.525	5.04899E-11	1.01624E-07	10000
-0.5	4.98074E-11	1.01628E-07	10000
-0.475	4.93304E-11	1.02667E-07	10000
-0.45	4.9024E-11	1.01443E-07	10000
-0.425	4.83097E-11	1.04417E-07	10000
-0.4	4.78896E-11	1.04408E-07	10000
-0.375	4.71877E-11	1.05922E-07	10000
-0.35	4.67632E-11	1.05739E-07	10000
-0.325	4.59171E-11	1.0921E-07	10000
-0.3	4.56782E-11	1.084E-07	10000
-0.275	4.47845E-11	1.12028E-07	10000
-0.25	4.36723E-11	1.16897E-07	10000
-0.225	4.33205E-11	1.19496E-07	10000
-0.2	4.35098E-11	1.20088E-07	10000
-0.175	4.20118E-11	1.29111E-07	10000
-0.15	4.1413E-11	1.33347E-07	10000
-0.125	4.1325E-11	1.40084E-07	10000
-0.1	4.1358E-11	1.40893E-07	10000
-0.075	4.10748E-11	1.51898E-07	10000
-0.05	4.09939E-11	1.57006E-07	10000
-0.025	4.21122E-11	1.59857E-07	10000
0	4.25327E-11	1.70159E-07	10000
0.025	4.28909E-11	1.7965E-07	10000
0.05	4.48086E-11	1.77838E-07	10000
0.075	4.48318E-11	1.93818E-07	10000
0.1	4.44125E-11	2.03534E-07	10000
0.125	4.35767E-11	2.15709E-07	10000
0.15	4.46735E-11	2.08747E-07	10000
0.175	4.34718E-11	2.1259E-07	10000
0.2	4.13558E-11	2.16884E-07	10000
0.225	3.9433E-11	2.12908E-07	10000
0.25	3.95887E-11	2.08164E-07	10000
0.275	3.87084E-11	2.05924E-07	10000
0.3	3.61932E-11	2.04592E-07	10000
0.325	3.50894E-11	2.05629E-07	10000
0.35	3.52025E-11	2.00461E-07	10000
0.375	3.42658E-11	2.00932E-07	10000
0.4	3.35372E-11	1.99813E-07	10000
0.425	3.28784E-11	1.97397E-07	10000
0.45	3.29384E-11	1.96392E-07	10000
0.475	3.29582E-11	1.9464E-07	10000
0.5	3.24921E-11	1.94769E-07	10000
0.525	3.22222E-11	1.95709E-07	10000
0.55	3.20488E-11	1.94978E-07	10000
0.575	3.19349E-11	1.95754E-07	10000
0.6	3.18345E-11	1.95677E-07	10000
0.625	3.21635E-11	1.94538E-07	10000
0.65	3.21761E-11	1.95448E-07	10000
0.675	3.20561E-11	1.95661E-07	10000
0.7	3.2171E-11	1.96478E-07	10000
0.725	3.21714E-11	1.98534E-07	10000
0.75	3.22514E-11	1.97618E-07	10000
0.775	3.25405E-11	1.97127E-07	10000
0.8	3.18785E-11	1.99456E-07	10000
0.825	3.26675E-11	1.98697E-07	10000
0.85	3.28611E-11	1.99575E-07	10000
0.875	3.29709E-11	1.98419E-07	10000
0.9	3.31753E-11	1.9859E-07	10000
0.925	3.33791E-11	1.97614E-07	10000
0.95	3.34823E-11	1.98651E-07	10000
0.975	3.36096E-11	1.99096E-07	10000
1	3.38544E-11	1.99168E-07	10000
1.025	3.39851E-11	1.97767E-07	10000
1.05	3.41647E-11	1.97276E-07	10000
1.075	3.4E-11	1.99311E-07	10000
1.1	3.45352E-11	1.96819E-07	10000
1.125	3.47471E-11	1.9908E-07	10000
1.15	3.48957E-11	1.97346E-07	10000
1.175	3.50634E-11	1.96201E-07	10000
1.2	3.52849E-11	1.9638E-07	10000
1.225	3.54263E-11	1.95488E-07	10000
1.25	3.56448E-11	1.95245E-07	10000
1.275	3.57851E-11	1.95778E-07	10000
1.3	3.60159E-11	1.94709E-07	10000
1.325	3.62198E-11	1.9519E-07	10000
1.35	3.64272E-11	1.90354E-07	10000
1.375	3.65979E-11	1.936E-07	10000
1.4	3.68269E-11	1.91665E-07	10000
1.425	3.69839E-11	1.91751E-07	10000
1.45	3.72331E-11	1.9129E-07	10000
1.475	3.74027E-11	1.85673E-07	10000
1.5	3.76469E-11	1.87797E-07	10000
1.525	3.77806E-11	1.86408E-07	10000
1.55	3.79646E-11	1.87447E-07	10000
1.575	3.8173E-11	1.84733E-07	10000
1.6	3.84299E-11	1.82859E-07	10000
1.625	3.85643E-11	1.81387E-07	10000
1.65	3.87301E-11	1.81832E-07	10000
1.675	3.89391E-11	1.79497E-07	10000
1.7	3.91127E-11	1.80022E-07	10000
1.725	3.93283E-11	1.78687E-07	10000
1.75	3.94606E-11	1.77697E-07	10000
1.775	3.96772E-11	1.76849E-07	10000
1.8	3.98729E-11	1.7453E-07	10000
1.825	3.99509E-11	1.75349E-07	10000
1.85	4.00644E-11	1.72531E-07	10000
1.875	4.03593E-11	1.71393E-07	10000
1.9	4.05844E-11	1.70976E-07	10000
1.925	4.07055E-11	1.69648E-07	10000
1.95	4.08828E-11	1.67832E-07	10000
1.975	4.10742E-11	1.6753E-07	10000
2	4.12111E-11	1.66454E-07	10000
2.025	4.13989E-11	1.65635E-07	10000
2.05	4.1549E-11	1.64508E-07	10000
2.075	4.17246E-11	1.63821E-07	10000
2.1	4.18374E-11	1.63652E-07	10000
2.125	4.17219E-11	1.59204E-07	10000
2.15	4.22217E-11	1.59768E-07	10000
2.175	4.23405E-11	1.60572E-07	10000
2.2	4.25097E-11	1.58897E-07	10000
2.225	4.26923E-11	1.5852E-07	10000
2.25	4.27414E-11	1.54918E-07	10000
2.275	4.28719E-11	1.57477E-07	10000
2.3	4.30671E-11	1.53285E-07	10000
2.325	4.31741E-11	1.52681E-07	10000
2.35	4.32562E-11	1.54353E-07	10000
2.375	4.33678E-11	1.504E-07	10000
2.4	4.36262E-11	1.52957E-07	10000
2.425	4.35848E-11	1.48212E-07	10000
2.45	4.37584E-11	1.48395E-07	10000
2.475	4.37667E-11	1.46672E-07	10000
2.5	4.3843E-11	1.46011E-07	10000
2.525	4.40369E-11	1.43905E-07	10000
2.55	4.40699E-11	1.45015E-07	10000
2.575	4.41502E-11	1.43458E-07	10000
2.6	4.41996E-11	1.44058E-07	10000
2.625	4.43143E-11	1.4249E-07	10000
2.65	4.44341E-11	1.41703E-07	10000
2.675	4.44049E-11	1.40318E-07	10000
2.7	4.44308E-11	1.39931E-07	10000
2.725	4.44506E-11	1.40666E-07	10000
2.75	4.45535E-11	1.40561E-07	10000
2.775	4.45622E-11	1.41886E-07	10000
2.8	4.46005E-11	1.40249E-07	10000
2.825	4.45169E-11	1.36037E-07	10000
2.85	4.45814E-11	1.39144E-07	10000
2.875	4.45646E-11	1.38286E-07	10000
2.9	4.4573E-11	1.39194E-07	10000
2.925	4.44738E-11	1.40034E-07	10000
2.95	4.44892E-11	1.3703E-07	10000
2.975	4.44772E-11	1.38784E-07	10000
3	4.44418E-11	1.3766E-07	10000
-2	6.01456E-11	7.73378E-08	7000
-1.975	6.02072E-11	7.63542E-08	7000
-1.95	5.99426E-11	7.7314E-08	7000
-1.925	5.97782E-11	7.5202E-08	7000
-1.9	5.98125E-11	7.47291E-08	7000
-1.875	5.94943E-11	7.01039E-08	7000
-1.85	5.9702E-11	7.27006E-08	7000
-1.825	5.95361E-11	6.54308E-08	7000
-1.8	5.94487E-11	6.39864E-08	7000
-1.775	5.93686E-11	6.54964E-08	7000
-1.75	5.92819E-11	6.61899E-08	7000
-1.725	5.91629E-11	6.67939E-08	7000
-1.7	5.91322E-11	6.65396E-08	7000
-1.675	5.88203E-11	6.59158E-08	7000
-1.65	5.88719E-11	6.79404E-08	7000
-1.625	5.86667E-11	6.6963E-08	7000
-1.6	5.86265E-11	7.09009E-08	7000
-1.575	5.8587E-11	6.71637E-08	7000
-1.55	5.85342E-11	6.2733E-08	7000
-1.525	5.84965E-11	6.87154E-08	7000
-1.5	5.83122E-11	6.63909E-08	7000
-1.475	5.82564E-11	6.19841E-08	7000
-1.45	5.80714E-11	6.83679E-08	7000
-1.425	5.79377E-11	6.64327E-08	7000
-1.4	5.78837E-11	5.92642E-08	7000
-1.375	5.78216E-11	6.92719E-08	7000
-1.35	5.75812E-11	6.15233E-08	7000
-1.325	5.76066E-11	6.06928E-08	7000
-1.3	5.73597E-11	5.59324E-08	7000
-1.275	5.72097E-11	6.14321E-08	7000
-1.25	5.72104E-11	6.31288E-08	7000
-1.225	5.71505E-11	6.3868E-08	7000
-1.2	5.62804E-11	7.86384E-08	7000
-1.175	5.6827E-11	6.1166E-08	7000
-1.15	5.65496E-11	6.74922E-08	7000
-1.125	5.65218E-11	6.25429E-08	7000
-1.1	5.64335E-11	5.91216E-08	7000
-1.075	5.61868E-11	6.23265E-08	7000
-1.05	5.61837E-11	5.6668E-08	7000
-1.025	5.58599E-11	5.94953E-08	7000
-1	5.57091E-11	6.39419E-08	7000
-0.975	5.54315E-11	6.18817E-08	7000
-0.95	5.52966E-11	6.35825E-08	7000
-0.925	5.51156E-11	6.3664E-08	7000
-0.9	5.48247E-11	6.18521E-08	7000
-0.875	5.46368E-11	6.44132E-08	7000
-0.85	5.43775E-11	6.13118E-08	7000
-0.825	5.41234E-11	6.18861E-08	7000
-0.8	5.39232E-11	6.20928E-08	7000
-0.775	5.36027E-11	6.29293E-08	7000
-0.75	5.331E-11	6.38334E-08	7000
-0.725	5.31155E-11	6.47554E-08	7000
-0.7	5.25762E-11	6.44834E-08	7000
-0.675	5.23298E-11	5.92898E-08	7000
-0.65	5.21283E-11	6.2592E-08	7000
-0.625	5.14306E-11	6.40506E-08	7000
-0.6	5.12099E-11	6.37506E-08	7000
-0.575	5.074E-11	6.27196E-08	7000
-0.55	5.04689E-11	6.328E-08	7000
-0.525	4.97957E-11	6.75758E-08	7000
-0.5	4.9258E-11	6.50447E-08	7000
-0.475	4.90819E-11	6.56209E-08	7000
-0.45	4.84521E-11	7.36877E-08	7000
-0.425	4.79744E-11	6.69485E-08	7000
-0.4	4.77267E-11	6.8244E-08	7000
-0.375	4.62868E-11	7.17492E-08	7000
-0.35	4.63453E-11	6.85146E-08	7000
-0.325	4.53822E-11	7.19104E-08	7000
-0.3	4.49288E-11	7.36828E-08	7000
-0.275	4.48036E-11	7.71221E-08	7000
-0.25	4.43844E-11	7.81216E-08	7000
-0.225	4.38009E-11	7.86522E-08	7000
-0.2	4.36385E-11	8.48214E-08	7000
-0.175	4.26995E-11	8.60476E-08	7000
-0.15	4.18394E-11	9.23779E-08	7000
-0.125	4.28156E-11	9.08696E-08	7000
-0.1	4.28888E-11	9.71937E-08	7000
-0.075	4.26105E-11	1.01277E-07	7000
-0.05	4.25549E-11	1.08634E-07	7000
-0.025	4.42525E-11	1.05214E-07	7000
0	4.47213E-11	1.10191E-07	7000
0.025	4.4998E-11	1.22313E-07	7000
0.05	4.51145E-11	1.23407E-07	7000
0.075	4.68509E-11	1.20449E-07	7000
0.1	4.51701E-11	1.32791E-07	7000
0.125	4.46761E-11	1.36433E-07	7000
0.15	4.38294E-11	1.40602E-07	7000
0.175	4.45973E-11	1.3694E-07	7000
0.2	4.13819E-11	1.41038E-07	7000
0.225	4.0028E-11	1.38044E-07	7000
0.25	3.92822E-11	1.39391E-07	7000
0.275	3.86781E-11	1.40311E-07	7000
0.3	3.7324E-11	1.37959E-07	7000
0.325	3.58183E-11	1.39885E-07	7000
0.35	3.63538E-11	1.32895E-07	7000
0.375	3.51658E-11	1.35025E-07	7000
0.4	3.46874E-11	1.35347E-07	7000
0.425	3.4322E-11	1.37366E-07	7000
0.45	3.32786E-11	1.36711E-07	7000
0.475	3.35617E-11	1.34372E-07	7000
0.5	3.07329E-11	1.37993E-07	7000
0.525	3.31494E-11	1.35783E-07	7000
0.55	3.26739E-11	1.35859E-07	7000
0.575	3.30857E-11	1.36033E-07	7000
0.6	3.2883E-11	1.34843E-07	7000
0.625	3.30573E-11	1.3717E-07	7000
0.65	3.30894E-11	1.39697E-07	7000
0.675	3.31243E-11	1.366E-07	7000
0.7	3.30467E-11	1.36379E-07	7000
0.725	3.25667E-11	1.37408E-07	7000
0.75	3.30876E-11	1.4009E-07	7000
0.775	3.33508E-11	1.39327E-07	7000
0.8	3.3287E-11	1.41364E-07	7000
0.825	3.34291E-11	1.41505E-07	7000
0.85	3.35497E-11	1.39687E-07	7000
0.875	3.36663E-11	1.38062E-07	7000
0.9	3.37887E-11	1.42971E-07	7000
0.925	3.38747E-11	1.37223E-07	7000
0.95	3.41013E-11	1.4217E-07	7000
0.975	3.41015E-11	1.42766E-07	7000
1	3.44118E-11	1.41693E-07	7000
1.025	3.44664E-11	1.42895E-07	7000
1.05	3.45862E-11	1.40702E-07	7000
1.075	3.48783E-11	1.39951E-07	7000
1.1	3.4963E-11	1.3921E-07	7000
1.125	3.51306E-11	1.40881E-07	7000
1.15	3.52687E-11	1.40686E-07	7000
1.175	3.54956E-11	1.40684E-07	7000
1.2	3.56376E-11	1.36239E-07	7000
1.225	3.57402E-11	1.41717E-07	7000
1.25	3.59555E-11	1.37819E-07	7000
1.275	3.60477E-11	1.38353E-07	7000
1.3	3.62691E-11	1.41041E-07	7000
1.325	3.65095E-11	1.37977E-07	7000
1.35	3.65565E-11	1.41568E-07	7000
1.375	3.67984E-11	1.35474E-07	7000
1.4	3.6905E-11	1.38184E-07	7000
1.425	3.7061E-11	1.36378E-07	7000
1.45	3.73143E-11	1.3699E-07	7000
1.475	3.73897E-11	1.35021E-07	7000
1.5	3.76094E-11	1.3277E-07	7000
1.525	3.77887E-11	1.3395E-07	7000
1.55	3.79916E-11	1.33203E-07	7000
1.575	3.80953E-11	1.30141E-07	7000
1.6	3.82902E-11	1.32686E-07	7000
1.625	3.85384E-11	1.33441E-07	7000
1.65	3.86334E-11	1.30749E-07	7000
1.675	3.87759E-11	1.3058E-07	7000
1.7	3.90328E-11	1.33719E-07	7000
1.725	3.91009E-11	1.30345E-07	7000
1.75	3.92896E-11	1.25948E-07	7000
1.775	3.94369E-11	1.26403E-07	7000
1.8	3.94968E-11	1.27327E-07	7000
1.825	3.97414E-11	1.24784E-07	7000
1.85	3.99943E-11	1.26055E-07	7000
1.875	4.00229E-11	1.2592E-07	7000
1.9	4.03014E-11	1.24337E-07	7000
1.925	4.0522E-11	1.22902E-07	7000
1.95	4.05511E-11	1.21585E-07	7000
1.975	4.08055E-11	1.22835E-07	7000
2	4.08485E-11	1.22475E-07	7000
2.025	4.08744E-11	1.19226E-07	7000
2.05	4.12367E-11	1.16629E-07	7000
2.075	4.1307E-11	1.18461E-07	7000
2.1	4.14149E-11	1.19568E-07	7000
2.125	4.15618E-11	1.17315E-07	7000
2.15	4.17092E-11	1.11489E-07	7000
2.175	4.19556E-11	1.1652E-07	7000
2.2	4.19395E-11	1.11996E-07	7000
2.225	4.19853E-11	1.10581E-07	7000
2.25	4.22222E-11	1.14207E-07	7000
2.275	4.2436E-11	1.10424E-07	7000
2.3	4.24552E-11	1.12574E-07	7000
2.325	4.26579E-11	1.10084E-07	7000
2.35	4.27063E-11	1.1445E-07	7000
2.375	4.28297E-11	1.0466E-07	7000
2.4	4.31067E-11	1.07585E-07	7000
2.425	4.29337E-11	1.06176E-07	7000
2.45	4.31704E-11	1.07565E-07	7000
2.475	4.33726E-11	1.06663E-07	7000
2.5	4.33288E-11	1.03925E-07	7000
2.525	4.35697E-11	1.05922E-07	7000
2.55	4.35011E-11	1.05473E-07	7000
2.575	4.37134E-11	1.02087E-07	7000
2.6	4.36711E-11	1.047E-07	7000
2.625	4.36935E-11	1.02387E-07	7000
2.65	4.38574E-11	1.04702E-07	7000
2.675	4.38981E-11	1.04282E-07	7000
2.7	4.39729E-11	1.02862E-07	7000
2.725	4.40146E-11	9.86517E-08	7000
2.75	4.40624E-11	1.02403E-07	7000
2.775	4.40617E-11	1.04026E-07	7000
2.8	4.40705E-11	9.92021E-08	7000
2.825	4.40518E-11	1.03442E-07	7000
2.85	4.40482E-11	9.76305E-08	7000
2.875	4.41125E-11	9.85464E-08	7000
2.9	4.41245E-11	9.85623E-08	7000
2.925	4.40879E-11	9.79285E-08	7000
2.95	4.40471E-11	9.72232E-08	7000
2.975	4.39606E-11	1.0196E-07	7000
3	4.40036E-11	9.47575E-08	7000
-2	6.04063E-11	3.9833E-08	4000
-1.975	6.03265E-11	3.69879E-08	4000
-1.95	6.01174E-11	3.69263E-08	4000
-1.925	6.00393E-11	3.52475E-08	4000
-1.9	5.99451E-11	3.61078E-08	4000
-1.875	5.98678E-11	3.38746E-08	4000
-1.85	5.97569E-11	3.38369E-08	4000
-1.825	5.96166E-11	3.37277E-08	4000
-1.8	5.95013E-11	3.43516E-08	4000
-1.775	5.95115E-11	3.26429E-08	4000
-1.75	5.94123E-11	3.13614E-08	4000
-1.725	5.92659E-11	3.25556E-08	4000
-1.7	5.91165E-11	3.31338E-08	4000
-1.675	5.9077E-11	3.15165E-08	4000
-1.65	5.89397E-11	3.19914E-08	4000
-1.625	5.83349E-11	3.80633E-08	4000
-1.6	5.87965E-11	3.28935E-08	4000
-1.575	5.86343E-11	3.2073E-08	4000
-1.55	5.85734E-11	3.13875E-08	4000
-1.525	5.85461E-11	3.04696E-08	4000
-1.5	5.84225E-11	3.14869E-08	4000
-1.475	5.82249E-11	3.10379E-08	4000
-1.45	5.82634E-11	3.15108E-08	4000
-1.425	5.81127E-11	3.05373E-08	4000
-1.4	5.80043E-11	3.043E-08	4000
-1.375	5.78275E-11	3.21845E-08	4000
-1.35	5.76794E-11	3.196E-08	4000
-1.325	5.75654E-11	3.13481E-08	4000
-1.3	5.75262E-11	3.06468E-08	4000
-1.275	5.73586E-11	3.14475E-08	4000
-1.25	5.7236E-11	3.24171E-08	4000
-1.225	5.70638E-11	3.05932E-08	4000
-1.2	5.69509E-11	3.26675E-08	4000
-1.175	5.68553E-11	2.99436E-08	4000
-1.15	5.66911E-11	3.06947E-08	4000
-1.125	5.64595E-11	3.06729E-08	4000
-1.1	5.63463E-11	3.08935E-08	4000
-1.075	5.62526E-11	2.96239E-08	4000
-1.05	5.60741E-11	2.96876E-08	4000
-1.025	5.58267E-11	2.93558E-08	4000
-1	5.55922E-11	2.96142E-08	4000
-0.975	5.53834E-11	2.97573E-08	4000
-0.95	5.53519E-11	2.9356E-08	4000
-0.925	5.50634E-11	2.93084E-08	4000
-0.9	5.4829E-11	3.20662E-08	4000
-0.875	5.44812E-11	3.05503E-08	4000
-0.85	5.44054E-11	2.93483E-08	4000
-0.825	5.39715E-11	3.0022E-08	4000
-0.8	5.38313E-11	3.21579E-08	4000
-0.775	5.34714E-11	3.10672E-08	4000
-0.75	5.30311E-11	3.16912E-08	4000
-0.725	5.29081E-11	3.02766E-08	4000
-0.7	5.22958E-11	3.14888E-08	4000
-0.675	5.20816E-11	3.04497E-08	4000
-0.65	5.17942E-11	3.07518E-08	4000
-0.625	5.11797E-11	3.15646E-08	4000
-0.6	5.10894E-11	3.25878E-08	4000
-0.575	5.0444E-11	3.34801E-08	4000
-0.55	5.00268E-11	3.36849E-08	4000
-0.525	4.97202E-11	3.30691E-08	4000
-0.5	4.88231E-11	3.45058E-08	4000
-0.475	4.82539E-11	3.58312E-08	4000
-0.45	4.77456E-11	3.66698E-08	4000
-0.425	4.768E-11	3.61612E-08	4000
-0.4	4.7109E-11	3.70693E-08	4000
-0.375	4.61695E-11	3.90346E-08	4000
-0.35	4.59396E-11	3.86194E-08	4000
-0.325	4.48193E-11	3.96151E-08	4000
-0.3	4.42552E-11	4.25479E-08	4000
-0.275	4.467E-11	4.26153E-08	4000
-0.25	4.43393E-11	4.4481E-08	4000
-0.225	4.30002E-11	4.55742E-08	4000
-0.2	4.25788E-11	4.77558E-08	4000
-0.175	4.31009E-11	4.84531E-08	4000
-0.15	4.31541E-11	5.08591E-08	4000
-0.125	4.35236E-11	5.06563E-08	4000
-0.1	4.34274E-11	5.4183E-08	4000
-0.075	4.38098E-11	5.65532E-08	4000
-0.05	4.49064E-11	5.78582E-08	4000
-0.025	4.58015E-11	5.88096E-08	4000
0	4.59168E-11	6.21196E-08	4000
0.025	4.63353E-11	6.50322E-08	4000
0.05	4.61002E-11	6.79748E-08	4000
0.075	4.72207E-11	6.60194E-08	4000
0.1	4.75404E-11	6.77379E-08	4000
0.125	4.54054E-11	7.08698E-08	4000
0.15	4.40335E-11	7.31054E-08	4000
0.175	4.26832E-11	7.36303E-08	4000
0.2	4.16828E-11	7.42406E-08	4000
0.225	4.17268E-11	7.32332E-08	4000
0.25	4.03794E-11	7.36071E-08	4000
0.275	3.77346E-11	7.57318E-08	4000
0.3	3.70383E-11	7.6187E-08	4000
0.325	3.73431E-11	7.53386E-08	4000
0.35	3.58125E-11	7.58615E-08	4000
0.375	3.64218E-11	7.54183E-08	4000
0.4	3.52946E-11	7.59332E-08	4000
0.425	3.49964E-11	7.60406E-08	4000
0.45	3.50441E-11	7.53293E-08	4000
0.475	3.41991E-11	7.65912E-08	4000
0.5	3.44077E-11	7.65534E-08	4000
0.525	3.1966E-11	7.82588E-08	4000
0.55	3.40796E-11	7.70641E-08	4000
0.575	3.40387E-11	7.7672E-08	4000
0.6	3.38212E-11	7.79224E-08	4000
0.625	3.38147E-11	7.84927E-08	4000
0.65	3.40761E-11	7.84986E-08	4000
0.675	3.40589E-11	7.81449E-08	4000
0.7	3.40551E-11	7.85323E-08	4000
0.725	3.3974E-11	7.96331E-08	4000
0.75	3.39659E-11	8.01457E-08	4000
0.775	3.42885E-11	7.93409E-08	4000
0.8	3.43542E-11	7.90727E-08	4000
0.825	3.42891E-11	8.04674E-08	4000
0.85	3.44257E-11	8.01018E-08	4000
0.875	3.46044E-11	8.01813E-08	4000
0.9	3.47807E-11	8.06282E-08	4000
0.925	3.49184E-11	8.10156E-08	4000
0.95	3.49178E-11	8.14507E-08	4000
0.975	3.50499E-11	8.08845E-08	4000
1	3.5209E-11	8.05685E-08	4000
1.025	3.53524E-11	8.07791E-08	4000
1.05	3.55004E-11	8.09698E-08	4000
1.075	3.56243E-11	8.04869E-08	4000
1.1	3.57293E-11	8.14306E-08	4000
1.125	3.59527E-11	8.1218E-08	4000
1.15	3.61186E-11	8.08365E-08	4000
1.175	3.61759E-11	8.12338E-08	4000
1.2	3.63005E-11	8.05404E-08	4000
1.225	3.65116E-11	8.08364E-08	4000
1.25	3.66199E-11	8.02661E-08	4000
1.275	3.67282E-11	8.08999E-08	4000
1.3	3.69194E-11	8.03256E-08	4000
1.325	3.70155E-11	8.05998E-08	4000
1.35	3.71841E-11	8.01785E-08	4000
1.375	3.73701E-11	7.97175E-08	4000
1.4	3.74539E-11	7.94989E-08	4000
1.425	3.76408E-11	7.9632E-08	4000
1.45	3.77773E-11	7.95902E-08	4000
1.475	3.79099E-11	7.96359E-08	4000
1.5	3.81115E-11	7.87358E-08	4000
1.525	3.82241E-11	7.87378E-08	4000
1.55	3.84563E-11	7.83662E-08	4000
1.575	3.85336E-11	7.77343E-08	4000
1.6	3.86575E-11	7.8078E-08	4000
1.625	3.88427E-11	7.69534E-08	4000
1.65	3.90024E-11	7.65659E-08	4000
1.675	3.91461E-11	7.6395E-08	4000
1.7	3.93294E-11	7.53718E-08	4000
1.725	3.94334E-11	7.60413E-08	4000
1.75	3.95915E-11	7.54611E-08	4000
1.775	3.97371E-11	7.4863E-08	4000
1.8	3.98556E-11	7.49325E-08	4000
1.825	4.00394E-11	7.39073E-08	4000
1.85	4.01725E-11	7.38297E-08	4000
1.875	4.026E-11	7.27628E-08	4000
1.9	4.03952E-11	7.31601E-08	4000
1.925	4.05527E-11	7.28084E-08	4000
1.95	4.07224E-11	7.15924E-08	4000
1.975	4.08397E-11	7.19798E-08	4000
2	4.09048E-11	7.12526E-08	4000
2.025	4.11011E-11	7.04181E-08	4000
2.05	4.13151E-11	7.02094E-08	4000
2.075	4.14114E-11	6.90649E-08	4000
2.1	4.14514E-11	6.91543E-08	4000
2.125	4.1546E-11	6.82404E-08	4000
2.15	4.17025E-11	6.87927E-08	4000
2.175	4.18828E-11	6.78191E-08	4000
2.2	4.20189E-11	6.71356E-08	4000
2.225	4.20703E-11	6.69845E-08	4000
2.25	4.21477E-11	6.7066E-08	4000
2.275	4.22545E-11	6.62355E-08	4000
2.3	4.24397E-11	6.57745E-08	4000
2.325	4.25734E-11	6.59234E-08	4000
2.35	4.26009E-11	6.49519E-08	4000
2.375	4.26732E-11	6.48942E-08	4000
2.4	4.27965E-11	6.46895E-08	4000
2.425	4.28643E-11	6.38074E-08	4000
2.45	4.28881E-11	6.34279E-08	4000
2.475	4.30909E-11	6.29669E-08	4000
2.5	4.30756E-11	6.27086E-08	4000
2.525	4.32017E-11	6.25178E-08	4000
2.55	4.32789E-11	6.19555E-08	4000
2.575	4.32597E-11	6.29668E-08	4000
2.6	4.34061E-11	6.10197E-08	4000
2.625	4.30991E-11	6.10277E-08	4000
2.65	4.34821E-11	6.14051E-08	4000
2.675	4.35189E-11	6.09839E-08	4000
2.7	4.35173E-11	6.01892E-08	4000
2.725	4.35173E-11	6.03262E-08	4000
2.75	4.36148E-11	6.06501E-08	4000
2.775	4.35905E-11	5.9756E-08	4000
2.8	4.36067E-11	5.9454E-08	4000
2.825	4.35229E-11	5.97898E-08	4000
2.85	4.35535E-11	6.01295E-08	4000
2.875	4.36202E-11	5.99964E-08	4000
2.9	4.35346E-11	6.02746E-08	4000
2.925	4.3457E-11	5.88679E-08	4000
2.95	4.3441E-11	5.95812E-08	4000
2.975	4.34031E-11	5.90547E-08	4000
3	4.34098E-11	5.93408E-08	4000
-2	6.07677E-11	9.52068E-09	1000
-1.975	6.04249E-11	1.08122E-08	1000
-1.95	6.05875E-11	5.52918E-09	1000
-1.925	6.02681E-11	1.05658E-08	1000
-1.9	6.06064E-11	7.46831E-09	1000
-1.875	6.03645E-11	6.90409E-09	1000
-1.85	5.93751E-11	8.50957E-09	1000
-1.825	5.98624E-11	7.06508E-09	1000
-1.8	6.00496E-11	8.38431E-09	1000
-1.775	6.03433E-11	4.04108E-09	1000
-1.75	5.95848E-11	6.16906E-09	1000
-1.725	5.98551E-11	9.31218E-09	1000
-1.7	5.90801E-11	9.70567E-09	1000
-1.675	5.9728E-11	7.76446E-09	1000
-1.65	5.94965E-11	8.65459E-09	1000
-1.625	5.9063E-11	4.91545E-09	1000
-1.6	5.92255E-11	8.95265E-09	1000
-1.575	5.91364E-11	8.98445E-09	1000
-1.55	5.8927E-11	7.46257E-09	1000
-1.525	5.87319E-11	5.78969E-09	1000
-1.5	5.873E-11	6.03407E-09	1000
-1.475	5.87209E-11	5.75791E-09	1000
-1.45	5.85409E-11	8.64081E-09	1000
-1.425	5.79237E-11	7.43489E-09	1000
-1.4	5.80005E-11	8.73227E-09	1000
-1.375	5.80046E-11	6.89248E-09	1000
-1.35	5.83449E-11	7.50437E-09	1000
-1.325	5.79234E-11	7.61172E-09	1000
-1.3	5.78661E-11	7.03554E-09	1000
-1.275	5.75518E-11	7.06738E-09	1000
-1.25	5.74288E-11	7.88397E-09	1000
-1.225	5.77649E-11	4.83217E-09	1000
-1.2	5.73972E-11	7.20051E-09	1000
-1.175	5.68954E-11	6.66414E-09	1000
-1.15	5.72672E-11	8.85953E-09	1000
-1.125	5.66943E-11	8.01719E-09	1000
-1.1	5.6244E-11	7.53644E-09	1000
-1.075	5.6206E-11	7.4073E-09	1000
-1.05	5.62971E-11	5.96088E-09	1000
-1.025	5.57776E-11	6.73184E-09	1000
-1	5.56694E-11	6.59675E-09	1000
-0.975	5.56112E-11	4.10528E-09	1000
-0.95	5.53137E-11	4.68746E-09	1000
-0.925	5.49601E-11	6.11007E-09	1000
-0.9	5.46098E-11	6.22535E-09	1000
-0.875	5.42651E-11	5.43861E-09	1000
-0.85	5.41137E-11	9.6348E-09	1000
-0.825	5.40918E-11	1.03044E-08	1000
-0.8	5.31299E-11	7.67791E-09	1000
-0.775	5.31546E-11	6.16991E-09	1000
-0.75	5.25974E-11	6.2574E-09	1000
-0.725	5.24927E-11	8.06542E-09	1000
-0.7	5.13832E-11	5.73304E-09	1000
-0.675	5.19239E-11	8.73307E-09	1000
-0.65	5.00611E-11	7.80547E-09	1000
-0.625	5.08203E-11	1.07379E-08	1000
-0.6	4.8812E-11	9.02157E-09	1000
-0.575	5.00418E-11	8.27834E-09	1000
-0.55	4.97401E-11	8.48898E-09	1000
-0.525	4.90508E-11	7.48374E-09	1000
-0.5	4.83719E-11	8.69579E-09	1000
-0.475	4.78994E-11	6.76466E-09	1000
-0.45	4.71934E-11	1.12212E-08	1000
-0.425	4.6953E-11	8.47941E-09	1000
-0.4	4.64749E-11	1.13484E-08	1000
-0.375	4.59124E-11	1.23598E-08	1000
-0.35	4.59861E-11	1.03213E-08	1000
-0.325	4.48777E-11	8.0843E-09	1000
-0.3	4.45855E-11	8.02474E-09	1000
-0.275	4.43541E-11	1.22805E-08	1000
-0.25	4.45087E-11	1.41501E-08	1000
-0.225	4.39063E-11	1.03276E-08	1000
-0.2	4.38889E-11	1.04507E-08	1000
-0.175	4.48673E-11	1.34626E-08	1000
-0.15	4.45514E-11	1.18553E-08	1000
-0.125	4.54732E-11	1.08936E-08	1000
-0.1	4.63358E-11	1.30611E-08	1000
-0.075	4.69809E-11	1.34822E-08	1000
-0.05	4.81262E-11	1.34483E-08	1000
-0.025	4.88734E-11	1.53695E-08	1000
0	4.90271E-11	1.21528E-08	1000
0.025	4.84747E-11	1.60589E-08	1000
0.05	4.77891E-11	1.67922E-08	1000
0.075	4.73411E-11	1.84949E-08	1000
0.1	4.59143E-11	1.96932E-08	1000
0.125	4.37938E-11	1.56145E-08	1000
0.15	4.39705E-11	1.99537E-08	1000
0.175	4.18677E-11	1.79711E-08	1000
0.2	4.11569E-11	1.92428E-08	1000
0.225	4.06601E-11	1.99859E-08	1000
0.25	3.91208E-11	1.85318E-08	1000
0.275	3.86778E-11	1.35886E-08	1000
0.3	3.85415E-11	1.94259E-08	1000
0.325	3.71603E-11	1.79539E-08	1000
0.35	3.70983E-11	1.92572E-08	1000
0.375	3.68453E-11	1.72843E-08	1000
0.4	3.65335E-11	1.87864E-08	1000
0.425	3.54957E-11	1.53792E-08	1000
0.45	3.59413E-11	1.79262E-08	1000
0.475	3.63988E-11	1.94322E-08	1000
0.5	3.54489E-11	1.9017E-08	1000
0.525	3.57829E-11	1.84646E-08	1000
0.55	3.60975E-11	1.74056E-08	1000
0.575	3.56757E-11	2.13932E-08	1000
0.6	3.54983E-11	1.89515E-08	1000
0.625	3.56307E-11	1.71315E-08	1000
0.65	3.53405E-11	2.02866E-08	1000
0.675	3.56086E-11	1.98773E-08	1000
0.7	3.57146E-11	1.98932E-08	1000
0.725	3.5552E-11	1.83316E-08	1000
0.75	3.5915E-11	2.13992E-08	1000
0.775	3.59799E-11	1.85163E-08	1000
0.8	3.62714E-11	2.14965E-08	1000
0.825	3.64539E-11	2.10713E-08	1000
0.85	3.63694E-11	1.765E-08	1000
0.875	3.64143E-11	2.01136E-08	1000
0.9	3.67906E-11	2.01374E-08	1000
0.925	3.6962E-11	1.78824E-08	1000
0.95	3.68188E-11	2.02666E-08	1000
0.975	3.65146E-11	2.00322E-08	1000
1	3.7018E-11	2.156E-08	1000
1.025	3.73171E-11	1.91936E-08	1000
1.05	3.73177E-11	1.75525E-08	1000
1.075	3.75274E-11	1.76101E-08	1000
1.1	3.72833E-11	2.24421E-08	1000
1.125	3.75363E-11	2.04353E-08	1000
1.15	3.77503E-11	2.07055E-08	1000
1.175	3.77804E-11	1.84664E-08	1000
1.2	3.7916E-11	1.69345E-08	1000
1.225	3.85507E-11	2.1524E-08	1000
1.25	3.82591E-11	1.81603E-08	1000
1.275	3.88508E-11	2.02305E-08	1000
1.3	3.8427E-11	2.02326E-08	1000
1.325	3.85573E-11	2.31373E-08	1000
1.35	3.85478E-11	2.15717E-08	1000
1.375	3.86911E-11	2.04412E-08	1000
1.4	3.9253E-11	1.92192E-08	1000
1.425	3.93624E-11	1.99463E-08	1000
1.45	3.92751E-11	2.29961E-08	1000
1.475	3.96112E-11	2.18298E-08	1000
1.5	3.94297E-11	1.76436E-08	1000
1.525	4.00125E-11	2.16748E-08	1000
1.55	3.97693E-11	2.03834E-08	1000
1.575	4.0109E-11	1.93423E-08	1000
1.6	4.02962E-11	2.20264E-08	1000
1.625	3.97409E-11	2.13291E-08	1000
1.65	4.02225E-11	1.92965E-08	1000
1.675	4.06456E-11	2.07429E-08	1000
1.7	4.03464E-11	1.95608E-08	1000
1.725	4.04764E-11	2.11443E-08	1000
1.75	4.05782E-11	2.00038E-08	1000
1.775	4.11126E-11	1.997E-08	1000
1.8	4.12445E-11	2.11044E-08	1000
1.825	4.10038E-11	2.13667E-08	1000
1.85	4.0928E-11	2.3135E-08	1000
1.875	4.11787E-11	1.92905E-08	1000
1.9	4.10396E-11	2.17164E-08	1000
1.925	4.12372E-11	2.15674E-08	1000
1.95	4.1315E-11	1.51916E-08	1000
1.975	4.16271E-11	1.92129E-08	1000
2	4.20043E-11	2.03831E-08	1000
2.025	4.20752E-11	1.84579E-08	1000
2.05	4.21609E-11	1.86049E-08	1000
2.075	4.16799E-11	1.83586E-08	1000
2.1	4.20793E-11	1.96718E-08	1000
2.125	4.21662E-11	1.75439E-08	1000
2.15	4.23727E-11	1.90479E-08	1000
2.175	4.23544E-11	1.89227E-08	1000
2.2	4.21899E-11	1.75042E-08	1000
2.225	4.21198E-11	1.85115E-08	1000
2.25	4.19582E-11	1.89645E-08	1000
2.275	4.25881E-11	1.69021E-08	1000
2.3	4.2405E-11	2.01009E-08	1000
2.325	4.2638E-11	1.62186E-08	1000
2.35	4.27914E-11	1.74008E-08	1000
2.375	4.26367E-11	1.6018E-08	1000
2.4	4.26282E-11	1.79412E-08	1000
2.425	4.2257E-11	1.61909E-08	1000
2.45	4.23161E-11	1.66836E-08	1000
2.475	4.25599E-11	1.71584E-08	1000
2.5	4.25454E-11	1.49471E-08	1000
2.525	4.27354E-11	1.86644E-08	1000
2.55	4.27692E-11	1.82074E-08	1000
2.575	4.2614E-11	1.511E-08	1000
2.6	4.28666E-11	1.78836E-08	1000
2.625	4.22197E-11	1.6479E-08	1000
2.65	4.28508E-11	1.75895E-08	1000
2.675	4.25273E-11	1.89148E-08	1000
2.7	4.27405E-11	1.72856E-08	1000
2.725	4.23945E-11	1.60856E-08	1000
2.75	4.20331E-11	1.77406E-08	1000
2.775	4.23392E-11	1.81896E-08	1000
2.8	4.18864E-11	1.58611E-08	1000
2.825	4.16258E-11	1.54678E-08	1000
2.85	4.13115E-11	1.56148E-08	1000
2.875	4.19629E-11	1.83724E-08	1000
2.9	4.18718E-11	1.8138E-08	1000
2.925	4.16476E-11	1.53128E-08	1000
2.95	4.16691E-11	1.80248E-08	1000
2.975	4.14098E-11	1.74089E-08	1000
3	4.12473E-11	1.92646E-08	1000
